0 0.4692592592592593 0.2633333333333333 0.49740740740740746 0.2633333333333333 0.49740740740740746 0.31444444444444447 0.4692592592592593 0.31444444444444447
0 0.49370370370370376 0.355 0.5018518518518519 0.355 0.5018518518518519 0.37833333333333335 0.49370370370370376 0.37833333333333335
0 0.3466809634753597 0.32534345294471506 0.36809723313929793 0.3188315137686547 0.37368940689501073 0.36021210261084047 0.35227313723107245 0.3667240417869008
0 0.19378531073446328 0.41384180790960456 0.21689669813604498 0.42456559276272515 0.2080979284369115 0.46723163841807913 0.18498654103532983 0.45650785356495854
0 0.14110405608658652 0.5049283653607298 0.18176618487478455 0.4988086333233396 0.18639123581548506 0.5679529905714735 0.14572910702728703 0.5740727226088639
0 0.1316534987317244 0.43874365565563866 0.1657250470809793 0.4336158192090396 0.16917413734310346 0.4851796035485163 0.13510258899384858 0.4903074399951154
0 0.14565217391304347 0.7641304347826087 0.16256038647342994 0.7641304347826087 0.16256038647342994 0.8010869565217391 0.14565217391304347 0.8010869565217391
0 0.12860937042738946 0.6562565926996354 0.15312396580380458 0.6599460885322356 0.14965149913782794 0.71185934932935 0.12513690376141282 0.7081698534967498
0 0.06015488015169492 0.9051859918827692 0.10197095543328709 0.885783150031267 0.11560269560588085 0.9518847151879377 0.07378662032428868 0.9712875570394399
0 0.4454106280193237 0.886231884057971 0.473671497584541 0.886231884057971 0.473671497584541 0.9365942028985507 0.4454106280193237 0.9365942028985507
0 0.416229901939039 0.9388770551117512 0.4695851977582954 0.9469071342768222 0.4658957019256953 1.002064973873756 0.41254040610643883 0.994034894708685
0 0.8944669559428939 0.8922722945671515 0.9254787244687884 0.9017018896157578 0.9173687928493766 0.9617132126792252 0.8863570243234821 0.9522836176306189
0 0.9447550176930954 0.7878486567133888 0.969980216935838 0.7671777729837148 0.9868874943841988 0.8136006186489302 0.9616622951414562 0.8342715023786043
0 0.8976034858387799 0.21960784313725487 0.9328976034858387 0.21960784313725487 0.9328976034858387 0.2875816993464052 0.8976034858387799 0.2875816993464052
