0 0.9565487303174576 0.383487372498763 0.9759228359903146 0.4287474452485453 0.9333862269191654 0.4697161091357511 0.9140121212463083 0.4244560363859685
0 0.7761796252855704 0.1889800919571602 0.7972408353632954 0.17920759835063443 0.8072999887822792 0.22798536089064553 0.7862387787045543 0.2377578544971713
0 0.6990476190476189 0.9385714285714284 0.6675929511598127 0.8953520406781851 0.6857738095238096 0.8655803571428572 0.7172284774116159 0.9087997450361007
0 0.4355772667013678 0.8921736734485268 0.46304015340020904 0.8794307738862165 0.4732102825026952 0.9287466677492254 0.4457473958038541 0.9414895673115357
0 0.2002088186233587 0.2183838118374886 0.22693695094512023 0.2689063252150495 0.20709819535032195 0.29252092612607267 0.18037006302856043 0.24199841274851158
0 0.9512663546078236 0.2373919736089905 0.953719833649603 0.2892882810585651 0.9270067351592903 0.292129813888988 0.924553256117511 0.2402335064394134
0 0.33497503538863294 0.21659875684040594 0.3619835136475493 0.18787073719597475 0.3767359168603541 0.21907685318780037 0.3497274386014377 0.24780487283223154
0 0.2281808433906919 0.88426825166269 0.22592592592592595 1.0000555555555557 0.17410675091375014 0.9977849446393634 0.17636166837851602 0.8819976407464977
0 0.14338042011804567 0.6641189171984404 0.16437974587244103 0.6469109412814401 0.18194444444444444 0.695138888888889 0.1609451186900491 0.7123468648058894
0 0.1738996355772819 0.45006526845511524 0.23954686910425096 0.4084324607089308 0.2705855051319073 0.5185523774390008 0.20493827160493827 0.5601851851851852
0 0.44886082348030515 0.6553008691618417 0.5303530176905987 0.6800797975349142 0.5177897689035816 0.773044475545241 0.43629757469328795 0.7482655471721686
0 0.9256245751102675 0.8623923245057399 0.9247619047619046 0.8180952380952381 0.9467563772706845 0.8171314850180695 0.9476190476190475 0.8614285714285714
0 0.5519641258167695 0.15152106325922837 0.5958375128125549 0.2192816595781077 0.5365079365079365 0.3057142857142857 0.49263454951215097 0.23795368939540648
0 0.549141114144881 0.3110724523841351 0.5740071894839707 0.31481484665693454 0.5707936507936507 0.3628571428571428 0.5459275754545609 0.3591147485843433
0 0.9478207446031188 0.3272558781458147 0.9618501362481165 0.3537747578988285 0.9515145728571984 0.3660774551875189 0.9374851812122009 0.3395585754345052
0 0.06144496696484387 0.9306766188552464 0.05797382385147715 0.9529939603962054 0.0356564823105185 0.9451838883911302 0.0391276254238852 0.9228665468501713
0 0.9741648631077755 0.9020168406505392 1.0074253990023243 0.9231103341922579 0.9841684702255579 1.0056220482383498 0.950907934331009 0.9845285546966311
0 0.7047619047619047 0.4595238095238095 0.7365079365079364 0.4595238095238095 0.7365079365079364 0.5452380952380952 0.7047619047619047 0.5452380952380952
0 0.6550155127016665 0.6947249477958057 0.6784126984126984 0.7242857142857142 0.6473398748786294 0.77962214819862 0.6239426891675972 0.7500613817087112
