0 0.4409044724215745 0.28949601148134796 0.5171318729203378 0.2663179228885908 0.5362197105849613 0.4075628120480638 0.4599923100861981 0.43074090064082105
0 0.5612888951739158 0.14390556711656605 0.5952818812754487 0.10095772130071995 0.6323349247244138 0.16694410608604834 0.5983419386228809 0.2098919519018944
0 0.4688785416552278 0.5591910720667416 0.5031925786867077 0.5809526853134015 0.48079466095915124 0.6604167710705132 0.4464806239276713 0.6386551578238533
0 0.23112198618795834 0.5205391264716756 0.2663251023957758 0.5152409867900295 0.2708333333333333 0.5826388888888889 0.23563021712551593 0.587937028570535
0 0.2221228183698549 0.6284017719818922 0.2704961724014273 0.6508472198576399 0.24744744744744746 0.7626126126126126 0.19907409341587495 0.7401671647368648
0 0.4112123053284181 0.6627973399773044 0.4133008847711324 0.6740822556623707 0.4010514463779409 0.6791832093013079 0.3989628669352264 0.6678982936162419
0 0.5342669969024624 0.8451307252077671 0.5211472196502505 0.7607785275840456 0.5606060606060606 0.746969696969697 0.5737258378582725 0.8313218945934184
0 0.8097560975609756 0.43617886178861787 0.8658758846596385 0.4821664309208723 0.8296672681476023 0.5815855728390881 0.7735474810489392 0.5355980037068335
0 0.7898148148148149 0.1275 0.8453703703703705 0.12749999999999992 0.8453703703703704 0.1908333333333333 0.7898148148148149 0.1908333333333333
0 0.04481481481481481 0.586388888888889 0.10851851851851851 0.586388888888889 0.10851851851851851 0.7197222222222224 0.04481481481481481 0.7197222222222224
0 0.2844011948083103 0.900430014281801 0.30095041172616177 0.9213388339553055 0.2814857447628396 0.9560027342562105 0.2649365278449882 0.9350939145827063
0 0.14594594594594595 0.8486486486486486 0.1825825825825826 0.8486486486486486 0.1825825825825826 0.9112612612612613 0.14594594594594595 0.9112612612612613
0 0.14944021465538682 0.7287585540101447 0.19390782901408618 0.7493917215923553 0.1829922177770457 0.8023225270709363 0.1385246034183463 0.7816893594887255
0 0.5813842238524689 0.29352424881880096 0.5921475802957977 0.30035025999145254 0.5839414466456154 0.32946425692832537 0.5731780902022866 0.3226382457556738
0 0.8474702977924469 0.8796192932945651 0.8849790186727906 0.8682142020822561 0.8899194729306572 0.9047722410969692 0.8524107520503135 0.9161773323092782
0 0.12000646619491946 0.45951833962277744 0.1503426535195249 0.434659237621078 0.17382069429890767 0.4991236356858646 0.14348450697430223 0.523982737687564
0 0.3150588964103937 0.5053728198506228 0.323770599324538 0.5080217442612236 0.32075809705365865 0.5303134546591812 0.31204639413951435 0.5276645302485804
0 0.6802372590264315 0.48687470151627615 0.7090488274486233 0.49121090042113835 0.7049479261587537 0.5525192378776632 0.6761363577365618 0.548183038972801
0 0.9004662118571558 0.18750779305598136 0.9381236452964504 0.2754797596495343 0.8587930474021033 0.3518861463379582 0.8211356139628088 0.26391417974440534
0 0.5520908004778973 0.2086021505376344 0.5608124253285544 0.2086021505376344 0.5608124253285544 0.22777777777777775 0.5520908004778973 0.22777777777777775
0 0.296405151937076 0.4075499256473377 0.30088398078287903 0.41446728795244014 0.29319802266609857 0.42566436006694813 0.2887191938202955 0.41874699776184554
0 0.4317510428302936 0.5819398795191061 0.4447386238589293 0.587966173929455 0.4390986303723208 0.6153150224416782 0.42611104934368504 0.6092887280313294
