0 0.4409044724215745 0.28949601148134796 0.5171318729203378 0.2663179228885908 0.5362197105849613 0.4075628120480638 0.4599923100861981 0.43074090064082105
0 0.5612888951739158 0.14390556711656605 0.5952818812754487 0.10095772130071995 0.6323349247244138 0.16694410608604834 0.5983419386228809 0.2098919519018944
0 0.4688785416552278 0.5591910720667416 0.5031925786867077 0.5809526853134015 0.48079466095915124 0.6604167710705132 0.4464806239276713 0.6386551578238533
0 0.23112198618795834 0.5205391264716756 0.2663251023957758 0.5152409867900295 0.2708333333333333 0.5826388888888889 0.23563021712551593 0.587937028570535
0 0.2221228183698549 0.6284017719818922 0.2704961724014273 0.6508472198576399 0.24744744744744746 0.7626126126126126 0.19907409341587495 0.7401671647368648
0 0.4112123053284181 0.6627973399773044 0.4133008847711324 0.6740822556623707 0.4010514463779409 0.6791832093013079 0.3989628669352264 0.6678982936162419
0 0.5342669969024624 0.8451307252077671 0.5211472196502505 0.7607785275840456 0.5606060606060606 0.746969696969697 0.5737258378582725 0.8313218945934184
0 0.8097560975609756 0.43617886178861787 0.8658758846596385 0.4821664309208723 0.8296672681476023 0.5815855728390881 0.7735474810489392 0.5355980037068335
0 0.8220370370370371 0.1125 0.8775925925925928 0.11249999999999992 0.8775925925925927 0.17583333333333329 0.8220370370370371 0.17583333333333329
0 0.04481481481481481 0.586388888888889 0.10851851851851851 0.586388888888889 0.10851851851851851 0.7197222222222224 0.04481481481481481 0.7197222222222224
0 0.2844011948083103 0.900430014281801 0.30095041172616177 0.9213388339553055 0.2814857447628396 0.9560027342562105 0.2649365278449882 0.9350939145827063
0 0.14594594594594595 0.8486486486486486 0.1825825825825826 0.8486486486486486 0.1825825825825826 0.9112612612612613 0.14594594594594595 0.9112612612612613
0 0.14944021465538682 0.7287585540101447 0.19390782901408618 0.7493917215923553 0.1829922177770457 0.8023225270709363 0.1385246034183463 0.7816893594887255
0 0.5790296518332511 0.29426348380157535 0.5904825371298633 0.29774590597930484 0.5862960186648333 0.328725021945551 0.574843133368221 0.3252425997678215
0 0.6481481481481483 0.2398860398860399 0.6568850902184236 0.2398860398860399 0.6568850902184236 0.2606837606837607 0.6481481481481483 0.2606837606837607
0 0.8474702977924469 0.8796192932945651 0.8849790186727906 0.8682142020822561 0.8899194729306572 0.9047722410969692 0.8524107520503135 0.9161773323092782
