0 0.4409044724215745 0.28949601148134796 0.5171318729203378 0.2663179228885908 0.5362197105849613 0.4075628120480638 0.4599923100861981 0.43074090064082105
0 0.5612888951739158 0.14390556711656605 0.5952818812754487 0.10095772130071995 0.6323349247244138 0.16694410608604834 0.5983419386228809 0.2098919519018944
0 0.4791160626802945 0.5588105290913806 0.5076101833830499 0.5948109292605457 0.47055713993408455 0.6607973140458742 0.4420630192313291 0.6247969138767091
0 0.22232568989166204 0.5240113486938976 0.25335270149710587 0.5193417211410621 0.2577539596503531 0.5851403836836414 0.22672694804490934 0.5898100112364769
0 0.22283328114097903 0.6235670567157742 0.2684994657715746 0.6374525475777946 0.2528337837733977 0.7533744008708448 0.20716759914280217 0.7394889100088242
0 0.1523317023641149 0.7212886881372202 0.16323025958031062 0.7143769340096642 0.17090062086820831 0.7415900997415675 0.16000206365201253 0.7485018538691236
0 0.4043122099935434 0.6903615662620367 0.41028395079516394 0.6979064580945504 0.4020941964128629 0.7124912865908161 0.3961224556112423 0.7049463947583027
0 0.42487553660930666 0.9067030828332765 0.4380598931801187 0.9150644676606243 0.4296790179452478 0.9447984186682249 0.4164946613744358 0.936437033840877
0 0.5205542703639875 0.8321218555742309 0.5912176799568013 0.7873078399910926 0.6168355003591165 0.8781956047432292 0.5461720907663026 0.9230096203263676
0 0.8097560975609756 0.43617886178861787 0.8658758846596385 0.4821664309208723 0.8296672681476023 0.5815855728390881 0.7735474810489392 0.5355980037068335
0 0.8500434336893987 0.10294063759371484 0.9012134889117814 0.13539216611943572 0.8847713811254162 0.19372602907295186 0.8336013259030336 0.1612745005472309
0 0.6342799471105285 0.8878705675974329 0.6537852332477236 0.9078869939029715 0.6355613227307413 0.9478437181168529 0.616056036593546 0.9278272918113142
0 0.04666666666666667 0.6238888888888889 0.11037037037037037 0.6238888888888889 0.11037037037037037 0.7572222222222224 0.04666666666666667 0.7572222222222224
