0 0.4409044724215745 0.28949601148134796 0.5171318729203378 0.2663179228885908 0.5362197105849613 0.4075628120480638 0.4599923100861981 0.43074090064082105
0 0.5612888951739158 0.14390556711656605 0.5952818812754487 0.10095772130071995 0.6323349247244138 0.16694410608604834 0.5983419386228809 0.2098919519018944
0 0.4791160626802945 0.5588105290913806 0.5076101833830499 0.5948109292605457 0.47055713993408455 0.6607973140458742 0.4420630192313291 0.6247969138767091
0 0.22232568989166204 0.5240113486938976 0.25335270149710587 0.5193417211410621 0.2577539596503531 0.5851403836836414 0.22672694804490934 0.5898100112364769
0 0.22283328114097903 0.6235670567157742 0.2684994657715746 0.6374525475777946 0.2528337837733977 0.7533744008708448 0.20716759914280217 0.7394889100088242
0 0.4043122099935434 0.6903615662620367 0.41028395079516394 0.6979064580945504 0.4020941964128629 0.7124912865908161 0.3961224556112423 0.7049463947583027
0 0.5201860266402715 0.833278428799953 0.5788643955060125 0.7591422663797425 0.6212441481232364 0.8346147890932648 0.5625657792574953 0.9087509515134754
0 0.8097560975609756 0.43617886178861787 0.8658758846596385 0.4821664309208723 0.8296672681476023 0.5815855728390881 0.7735474810489392 0.5355980037068335
0 0.8220370370370371 0.1125 0.8775925925925928 0.11249999999999992 0.8775925925925927 0.17583333333333329 0.8220370370370371 0.17583333333333329
0 0.04481481481481481 0.586388888888889 0.10851851851851851 0.586388888888889 0.10851851851851851 0.7197222222222224 0.04481481481481481 0.7197222222222224
0 0.2844011948083103 0.900430014281801 0.30095041172616177 0.9213388339553055 0.2814857447628396 0.9560027342562105 0.2649365278449882 0.9350939145827063
