0 0.4409044724215745 0.28949601148134796 0.5171318729203378 0.2663179228885908 0.5362197105849613 0.4075628120480638 0.4599923100861981 0.43074090064082105
0 0.5751217554238007 0.2153253213941347 0.6186802699945225 0.20208069934113068 0.6301070027461338 0.28663546291959074 0.5865484881754119 0.2998800849725948
0 0.4791160626802945 0.5588105290913806 0.5076101833830499 0.5948109292605457 0.47055713993408455 0.6607973140458742 0.4420630192313291 0.6247969138767091
0 0.2317310796244612 0.5247463623750661 0.26229229549262895 0.5340389601058029 0.2535337551027392 0.5988498144469172 0.22297253923457144 0.5895572167161806
0 0.2240678490422136 0.6087522419009593 0.2697340336728091 0.6226377327629798 0.25406835167463226 0.73855958605603 0.20840216704403677 0.7246740951940095
0 0.1523317023641149 0.7212886881372202 0.16323025958031062 0.7143769340096642 0.17090062086820831 0.7415900997415675 0.16000206365201253 0.7485018538691236
0 0.4043122099935434 0.6903615662620367 0.41028395079516394 0.6979064580945504 0.4020941964128629 0.7124912865908161 0.3961224556112423 0.7049463947583027
0 0.42487553660930666 0.9067030828332765 0.4380598931801187 0.9150644676606243 0.4296790179452478 0.9447984186682249 0.4164946613744358 0.936437033840877
0 0.5205542703639875 0.8321218555742309 0.5912176799568013 0.7873078399910926 0.6168355003591165 0.8781956047432292 0.5461720907663026 0.9230096203263676
0 0.7834123823832592 0.5150563980676937 0.8048408128375354 0.5421297750424906 0.7826896917155377 0.5815778814793017 0.7612612612612613 0.5545045045045045
0 0.8097560975609756 0.43617886178861787 0.8658758846596385 0.4821664309208723 0.8296672681476023 0.5815855728390881 0.7735474810489392 0.5355980037068335
0 0.8589323225782877 0.10294063759371484 0.9101023778006703 0.13539216611943572 0.893660270014305 0.19372602907295186 0.8424902147919224 0.1612745005472309
