0 0.4409044724215745 0.28949601148134796 0.5171318729203378 0.2663179228885908 0.5362197105849613 0.4075628120480638 0.4599923100861981 0.43074090064082105
0 0.5612888951739158 0.14390556711656605 0.5952818812754487 0.10095772130071995 0.6323349247244138 0.16694410608604834 0.5983419386228809 0.2098919519018944
0 0.4601833373643734 0.5542442253018408 0.4972521199923782 0.5598231515262224 0.4915100672702077 0.6456666481384443 0.4544412846422028 0.6400877219140627
0 0.2278046365516731 0.6336416709717912 0.27617799058324555 0.6560871188475391 0.2531292656292657 0.7678525116025118 0.20475591159769319 0.745407063726764
0 0.8093093093093093 0.4423423423423424 0.8601704721089802 0.4840207121530582 0.8290666675470016 0.5694234106769259 0.778205504747331 0.5277450408662101
0 0.7331481481481482 0.11083333333333334 0.7887037037037039 0.11083333333333326 0.7887037037037038 0.17416666666666664 0.7331481481481482 0.17416666666666664
0 0.04481481481481481 0.586388888888889 0.10851851851851851 0.586388888888889 0.10851851851851851 0.7197222222222224 0.04481481481481481 0.7197222222222224
0 0.14489607717954175 0.8511420869688585 0.18153271381617841 0.8511420869688585 0.18153271381617841 0.9137546995814712 0.14489607717954175 0.9137546995814712
0 0.5813842238524689 0.29352424881880096 0.5921475802957977 0.30035025999145254 0.5839414466456154 0.32946425692832537 0.5731780902022866 0.3226382457556738
0 0.8474702977924469 0.8796192932945651 0.8849790186727906 0.8682142020822561 0.8899194729306572 0.9047722410969692 0.8524107520503135 0.9161773323092782
0 0.10727188302197896 0.4094913307391847 0.13371087221206 0.37608745066019333 0.16525898117555188 0.43227030268911554 0.1388199919854708 0.4656741827681069
0 0.6776485600291361 0.3088734468993558 0.6978225590203333 0.277715556082508 0.727289711575802 0.3206439492847071 0.7071157125846048 0.351801840101555
0 0.8708048453074642 0.2337283714565774 0.9401536204632054 0.2232912415344089 0.9495655250629065 0.3639989012706954 0.8802167499071651 0.374436031192864
0 0.32898548837457736 0.466503654489707 0.3360996962723213 0.4698046780747539 0.332362029355919 0.48792896962376814 0.3252478214581751 0.48462794603872117
0 0.19808056601620447 0.9269861919433982 0.21054433413214652 0.9269861919433982 0.21054433413214652 0.9510441629578908 0.19808056601620447 0.9510441629578908
0 0.8135135135135135 0.6936936936936937 0.848048048048048 0.6936936936936937 0.848048048048048 0.7891891891891891 0.8135135135135135 0.7891891891891891
0 0.7333333333333333 0.3135802469135802 0.7646090534979423 0.3135802469135802 0.7646090534979423 0.37407407407407406 0.7333333333333333 0.37407407407407406
