0 0.4409044724215745 0.28949601148134796 0.5171318729203378 0.2663179228885908 0.5362197105849613 0.4075628120480638 0.4599923100861981 0.43074090064082105
0 0.5612888951739158 0.14390556711656605 0.5952818812754487 0.10095772130071995 0.6323349247244138 0.16694410608604834 0.5983419386228809 0.2098919519018944
0 0.4688785416552278 0.5591910720667416 0.5031925786867077 0.5809526853134015 0.48079466095915124 0.6604167710705132 0.4464806239276713 0.6386551578238533
0 0.2318450405920771 0.6374295497596699 0.28021839462364956 0.6598749976354178 0.2571696696696697 0.7716403903903905 0.2087963156380972 0.7491949425146427
0 0.5342669969024624 0.8451307252077671 0.5211472196502505 0.7607785275840456 0.5606060606060606 0.746969696969697 0.5737258378582725 0.8313218945934184
0 0.8093093093093093 0.4423423423423424 0.8601704721089802 0.4840207121530582 0.8290666675470016 0.5694234106769259 0.778205504747331 0.5277450408662101
0 0.7898148148148149 0.1275 0.8453703703703705 0.12749999999999992 0.8453703703703704 0.1908333333333333 0.7898148148148149 0.1908333333333333
0 0.04481481481481481 0.586388888888889 0.10851851851851851 0.586388888888889 0.10851851851851851 0.7197222222222224 0.04481481481481481 0.7197222222222224
0 0.14489607717954175 0.8511420869688585 0.18153271381617841 0.8511420869688585 0.18153271381617841 0.9137546995814712 0.14489607717954175 0.9137546995814712
0 0.3120133140705915 0.5770041680452324 0.3564809284292909 0.597637335627443 0.34556531719225037 0.650568141106024 0.30109770283355103 0.6299349735238133
0 0.5813842238524689 0.29352424881880096 0.5921475802957977 0.30035025999145254 0.5839414466456154 0.32946425692832537 0.5731780902022866 0.3226382457556738
0 0.8474702977924469 0.8796192932945651 0.8849790186727906 0.8682142020822561 0.8899194729306572 0.9047722410969692 0.8524107520503135 0.9161773323092782
0 0.1204694291578824 0.4331294507338886 0.15080561648248786 0.4082703487321892 0.17428365726187064 0.47273474679697575 0.14394746993726518 0.4975938487986752
0 0.7115129791910405 0.2992203805286219 0.7403245476132324 0.30355657943348413 0.7362236463233627 0.36486491689000894 0.7074120779011709 0.36052871798514674
0 0.8708048453074642 0.2337283714565774 0.9401536204632054 0.2232912415344089 0.9495655250629065 0.3639989012706954 0.8802167499071651 0.374436031192864
0 0.296405151937076 0.4075499256473377 0.30088398078287903 0.41446728795244014 0.29319802266609857 0.42566436006694813 0.2887191938202955 0.41874699776184554
0 0.32898548837457736 0.466503654489707 0.3360996962723213 0.4698046780747539 0.332362029355919 0.48792896962376814 0.3252478214581751 0.48462794603872117
0 0.19808056601620447 0.9269861919433982 0.21054433413214652 0.9269861919433982 0.21054433413214652 0.9510441629578908 0.19808056601620447 0.9510441629578908
0 0.8135135135135135 0.6936936936936937 0.848048048048048 0.6936936936936937 0.848048048048048 0.7891891891891891 0.8135135135135135 0.7891891891891891
0 0.8027509974478781 0.5782706774422639 0.8355030023863712 0.5882294175683571 0.8405944989764806 0.550553705727059 0.8078424940379876 0.5405949656009656
