0 0.8594233814068005 0.3621278395139958 0.8838066803241066 0.36954194859801426 0.8756007731825715 0.4302634648338304 0.8512174742652654 0.4228493557498119
0 0.7790791067429522 0.6980929373000757 0.7869709924217073 0.6969051926575052 0.7883291023319238 0.7172088905017521 0.7804372166531688 0.7183966351443227
0 0.6559420289855071 0.928586100650462 0.664927536231884 0.928586100650462 0.664927536231884 0.9482962455779981 0.6559420289855071 0.9482962455779981
0 0.48576739337135416 0.2933207350919343 0.5006266724756708 0.2811442433339757 0.5120647074262946 0.31255001714042857 0.4972054283219781 0.32472650889838667
0 0.48481015266730326 0.6857977259613866 0.49705805637404155 0.6801146450640531 0.5021938776294098 0.7050187159344217 0.48994597392267114 0.7107017968317553
0 0.8322236570648816 0.9328032802325873 0.8487692207986901 0.9158241364849947 0.8688490867690388 0.9598501245450901 0.8523035230352303 0.9768292682926828
0 0.8506872179665859 0.4760484543548857 0.858374014655537 0.47371116811023795 0.8606853310530219 0.4908142907431536 0.8529985343640709 0.4931515769878015
0 0.24899524217605676 0.6968516938095892 0.26164126253529857 0.6930064809554912 0.2657000983257353 0.7230407793086905 0.25305407796649354 0.7268859921627885
0 0.8036429872495446 0.9663934426229509 0.819672131147541 0.9663934426229509 0.819672131147541 0.9989071038251367 0.8036429872495446 0.9989071038251367
0 0.8375227686703096 0.8527322404371585 0.8475409836065574 0.8527322404371585 0.8475409836065574 0.8775956284153006 0.8375227686703096 0.8775956284153006
0 0.7837367452833731 0.21645139112821024 0.7963195457478937 0.22443127519191217 0.7876658048077014 0.2551333083253417 0.775083004343181 0.2471534242616398
0 0.025 0.8368055555555557 0.059303939950492275 0.8527227337522342 0.04108864315921348 0.9410503876285556 0.006784703208721218 0.9251332094318772
