0 0.34268410206426325 0.2784770468029843 0.5097823840331864 0.3560113805937013 0.4809718119142315 0.49571650158411257 0.3138735299453083 0.4181821677933955
0 0.6357068827392197 0.36308395419946876 0.6467657018651758 0.3372493187009807 0.6685816162861212 0.3582610750402972 0.6575227971601652 0.3840957105387853
0 0.24646464646464644 0.9949494949494948 0.2191919191919192 0.9949494949494948 0.2191919191919192 0.9308080808080809 0.24646464646464644 0.9308080808080809
0 0.7705556415881497 0.880695255197536 0.8022284468492521 0.8854620759923846 0.7970119259794178 0.9634488889466082 0.7653391207183156 0.9586820681517596
0 0.7934720763224414 0.30864460879908384 0.8092727139608407 0.3038401870739745 0.8135144556640903 0.33522794022052427 0.7977138180256912 0.3400323619456334
0 0.7170563521028906 0.8991507253174584 0.7216743205291142 0.8883626357686397 0.726618861572323 0.8931249157081828 0.7220008931460995 0.9039130052570016
0 0.11434418109508329 0.9950083929806567 0.15151550963500215 1.0063108949730037 0.16183103258013035 0.9299787865065225 0.12465970404021146 0.9186762845141754
0 0.2375180375180375 0.8861471861471861 0.2484848484848485 0.8861471861471861 0.2484848484848485 0.9090909090909091 0.2375180375180375 0.9090909090909091
0 0.19826839826839826 0.8703463203463204 0.20447330447330447 0.8703463203463204 0.20447330447330447 0.8859307359307359 0.19826839826839826 0.8859307359307359
0 0.6974093955089236 0.6574112003230936 0.7219110599549545 0.6499611004182788 0.7323044092048814 0.7268691027072097 0.7078027447588504 0.7343192026120244
0 0.39938271604938275 0.487962962962963 0.3802469135802469 0.487962962962963 0.3802469135802469 0.4462962962962963 0.39938271604938275 0.4462962962962963
