0 0.5365352275691122 0.7177257615776895 0.5807576349148023 0.711070200467901 0.5860985172868548 0.7909162137309523 0.5418761099411648 0.7975717748407408
0 0.8567632850241546 0.3710144927536232 0.8765700483091787 0.3710144927536232 0.8765700483091787 0.41340579710144926 0.8567632850241546 0.41340579710144926
0 0.8775362318840579 0.4438405797101449 0.896135265700483 0.4438405797101449 0.896135265700483 0.48659420289855065 0.8775362318840579 0.48659420289855065
0 0.022229372609693435 0.8331182331199831 0.053304654346123054 0.8425671403163336 0.04199826966672933 0.9262313603759519 0.010922987930299709 0.9167824531796014
0 0.3719269994632314 0.48961352657004825 0.3793880837359098 0.48961352657004825 0.3793880837359098 0.4974235104669887 0.3719269994632314 0.4974235104669887
0 0.5015954327416633 0.2028787154068635 0.507252444063787 0.18966330570955994 0.5184900373438067 0.20048666920852118 0.5128330260216831 0.21370207890582474
0 0.5533119658119658 0.23125 0.5724358974358975 0.23125 0.5724358974358975 0.26826923076923076 0.5533119658119658 0.26826923076923076
0 0.6382064160358281 0.28356843539748516 0.6459548056469661 0.28121242089767196 0.6483320455026335 0.2988033594743096 0.6405836558914955 0.30115937397412285
0 0.6774952919020716 0.3799435028248588 0.6848399246704332 0.3799435028248588 0.6848399246704332 0.39872881355932205 0.6774952919020716 0.39872881355932205
0 0.7322403217428599 0.8014144216938386 0.741464477769601 0.7986096782002612 0.7442302664924343 0.8190757743845928 0.7350061104656932 0.8218805178781703
