0 0.5654320987654321 0.6833333333333333 0.5989988147624004 0.710839704120868 0.5761731344647945 0.7735128954076204 0.5426064184678261 0.7460065246200857
0 0.4635245162089681 0.6233066266372612 0.47778957621975265 0.6086677476973901 0.4961462656840358 0.6489155955849608 0.4818812056732512 0.6635544745248321
0 0.6810966810966811 0.767965367965368 0.6870129870129871 0.767965367965368 0.6870129870129871 0.7807359307359306 0.6810966810966811 0.7807359307359306
0 0.020353932999821404 0.8295676232251502 0.05445526796884852 0.8362550988364834 0.04684183419594578 0.9236069799494531 0.012740499226918672 0.9169195043381198
0 0.5395742072891222 0.2255650441462956 0.5474491399527606 0.20235651914469585 0.5715860059544243 0.22078386157761 0.563711073290786 0.24399238657920977
0 0.8587962962962963 0.37430555555555556 0.8722222222222222 0.37430555555555556 0.8722222222222222 0.41597222222222224 0.8587962962962963 0.41597222222222224
0 0.740186042434544 0.3058108100880832 0.7550966747980307 0.2917884890466386 0.7661897724519092 0.31832913634039484 0.7512791400884228 0.3323514573818393
0 0.5358279069755962 0.9087950958240224 0.5387878816656749 0.9000716375377069 0.549004544523522 0.9078715708426442 0.5460445698334433 0.9165950291289597
0 0.6113685482192408 0.7845105058210888 0.6121269392702591 0.8005520918629662 0.6055158613863335 0.8012553272011831 0.6047574703353154 0.7852137411593052
0 0.7072074770635817 0.6706108363595312 0.7133209527928058 0.67246973068276 0.7107262461332992 0.6916698653948544 0.704612770404075 0.6898109710716258
0 0.5854680500946441 0.6529813043312721 0.5945156871188885 0.6529813043312722 0.5945156871188884 0.6710485263259535 0.585468050094644 0.6710485263259536
0 0.6585507887310009 0.4682927808388571 0.665863976746754 0.46229996160630465 0.6720047668245547 0.4791609228648466 0.6646915788088016 0.48515374209739903
0 0.5836195806251234 0.8164058696783656 0.5910178093287899 0.8198386801597852 0.587087490081947 0.8388971606246646 0.5796892613782808 0.835464350143245
0 0.6819209039548023 0.9384180790960452 0.6900188323917138 0.9384180790960452 0.6900188323917138 0.9559322033898305 0.6819209039548023 0.9559322033898305
