0 0.5654320987654321 0.6833333333333333 0.5989988147624004 0.710839704120868 0.5761731344647945 0.7735128954076204 0.5426064184678261 0.7460065246200857
0 0.4635245162089681 0.6233066266372612 0.47778957621975265 0.6086677476973901 0.4961462656840358 0.6489155955849608 0.4818812056732512 0.6635544745248321
0 0.020353932999821404 0.8295676232251502 0.05445526796884852 0.8362550988364834 0.04684183419594578 0.9236069799494531 0.012740499226918672 0.9169195043381198
0 0.5382175830618484 0.23264248609115112 0.5394456594796904 0.20666605414833733 0.5664611487002168 0.20953975296608784 0.5652330722823748 0.23551618490890164
0 0.8587962962962963 0.37430555555555556 0.8722222222222222 0.37430555555555556 0.8722222222222222 0.41597222222222224 0.8587962962962963 0.41597222222222224
0 0.5206479777963311 0.21504925775847653 0.527371504419025 0.21545288464647713 0.52690139868396 0.23307244659367574 0.5201778720612659 0.2326688197056751
0 0.5358279069755962 0.9087950958240224 0.5387878816656749 0.9000716375377069 0.549004544523522 0.9078715708426442 0.5460445698334433 0.9165950291289597
0 0.6113685482192408 0.7845105058210888 0.6121269392702591 0.8005520918629662 0.6055158613863335 0.8012553272011831 0.6047574703353154 0.7852137411593052
0 0.6920376189439805 0.6718723540674 0.6989576334353597 0.6806153257654872 0.691198150789877 0.6944338993540535 0.6842781362984978 0.6856909276559662
0 0.5874435411020775 0.8180832717418084 0.5951876488461855 0.8180832717418084 0.5951876488461852 0.8380327666913032 0.5874435411020776 0.8380327666913032
0 0.6419753086419753 0.8825396825396826 0.6471740292937087 0.8878746367708881 0.6415707719482698 0.9001600245992835 0.6363720512965363 0.894825070368078
0 0.6857961053837343 0.8017182130584192 0.6940435280641466 0.8017182130584192 0.6940435280641466 0.8207903780068729 0.6857961053837343 0.8207903780068729
0 0.6243293695377172 0.6958424023840605 0.6316348797086606 0.6866123828885498 0.6359045485909376 0.6942160771481031 0.6285990384199943 0.7034460966436139
0 0.6261208576998051 0.3587719298245614 0.6432748538011696 0.3587719298245614 0.6432748538011696 0.3722222222222222 0.6261208576998051 0.3722222222222222
0 0.9134450316424251 0.7054406119793913 0.9199821443542583 0.6971814108609599 0.9275806093832157 0.7107132341744548 0.9210434966713827 0.7189724352928862
0 0.8512592592592593 0.617111111111111 0.8595555555555555 0.617111111111111 0.8595555555555555 0.6404444444444444 0.8512592592592593 0.6404444444444444
0 0.7481060606060606 0.2734848484848485 0.7558080808080808 0.2734848484848485 0.7558080808080808 0.2884469696969697 0.7481060606060606 0.2884469696969697
