0 0.8567632850241546 0.3710144927536232 0.8765700483091787 0.3710144927536232 0.8765700483091787 0.41340579710144926 0.8567632850241546 0.41340579710144926
0 0.022229372609693435 0.8331182331199831 0.053304654346123054 0.8425671403163336 0.04199826966672933 0.9262313603759519 0.010922987930299709 0.9167824531796014
0 0.583659463631947 0.23458043062105913 0.5898708455672612 0.26171109342578136 0.5665293814782821 0.27373480203240924 0.5603179995429679 0.24660413922768673
0 0.9044338624338624 0.7664894179894179 0.9127533899993169 0.7559782558904312 0.92198413497203 0.7724169457503782 0.9136646074065755 0.7829281078493652
0 0.6878605841412244 0.7672746845501653 0.6875611018612114 0.7826527399815734 0.6802992423519353 0.7823345400590593 0.6805987246319485 0.7669564846276512
0 0.8241503186593437 0.6430432873337922 0.828573846309726 0.632709433134397 0.8425163480073229 0.6461379992159151 0.8380928203569404 0.6564718534153103
0 0.8838206627680311 0.47777777777777775 0.9033138401559453 0.47777777777777775 0.9033138401559453 0.5195906432748538 0.8838206627680311 0.5195906432748538
0 0.561727377143109 0.6929225416977195 0.5953252453961522 0.7085120995381313 0.5833811423184249 0.7664301567952447 0.5497832740653817 0.7508405989548329
0 0.4704560037966826 0.6300352202845064 0.48061779364992496 0.6196071385686521 0.4944088610681821 0.6498446595953731 0.48424707121493976 0.6602727413112274
0 0.7524295324122257 0.14247227166177354 0.776523556741143 0.153652004347639 0.7726145592985327 0.17260709341759153 0.7485205349696153 0.16142736073172603
