0 0.5351062877827674 0.7161911360612218 0.577565687299461 0.6964897889504658 0.5933754102895737 0.7731525936333848 0.5509160107728801 0.7928539407441408
0 0.8567632850241546 0.3710144927536232 0.8765700483091787 0.3710144927536232 0.8765700483091787 0.41340579710144926 0.8567632850241546 0.41340579710144926
0 0.8678943263813911 0.5147769931308069 0.8864004424988808 0.5175622007691424 0.8835549489809277 0.5601022339223332 0.865048832863438 0.5573170262839978
0 0.022229372609693435 0.8331182331199831 0.053304654346123054 0.8425671403163336 0.04199826966672933 0.9262313603759519 0.010922987930299709 0.9167824531796014
0 0.37140778866364677 0.4885231838909206 0.3788688729363252 0.4885231838909206 0.3788688729363252 0.496333167787861 0.37140778866364677 0.496333167787861
0 0.49254193479927644 0.21398982651797457 0.4981989461214001 0.20077441682067104 0.5094365394014199 0.21159778031963228 0.5037795280792963 0.2248131900169358
0 0.5533119658119658 0.23125 0.5724358974358975 0.23125 0.5724358974358975 0.26826923076923076 0.5533119658119658 0.26826923076923076
0 0.6382064160358281 0.28356843539748516 0.6459548056469661 0.28121242089767196 0.6483320455026335 0.2988033594743096 0.6405836558914955 0.30115937397412285
0 0.7281335534919408 0.7995424007809949 0.732402693458299 0.7869606498154217 0.7448096978826834 0.796432804115779 0.7405405579163251 0.8090145550813526
0 0.28986440639207145 0.9650413653064652 0.29671242917090374 0.9720688419775074 0.29043862391095887 0.9858244355593354 0.2835906011321267 0.9787969588882931
0 0.8451973440978816 0.9364794457457573 0.8624087660039538 0.9312460538271555 0.8647151693569168 0.9483128212457669 0.8475037474508447 0.9535462131643687
0 0.9068783068783068 0.767989417989418 0.9151978344437613 0.7574782558904313 0.9244285794164745 0.7739169457503783 0.9161090518510199 0.7844281078493651
