0 0.8594233814068005 0.3621278395139958 0.8838066803241066 0.36954194859801426 0.8756007731825715 0.4302634648338304 0.8512174742652654 0.4228493557498119
0 0.025 0.8368055555555557 0.059303939950492275 0.8527227337522342 0.04108864315921348 0.9410503876285556 0.006784703208721218 0.9251332094318772
0 0.7334446789077742 0.8018978781319998 0.7403971707842872 0.8008515141430896 0.7415864806733217 0.8186316573026972 0.7346339887968086 0.8196780212916072
0 0.540053016323708 0.7233484333293041 0.5812405525770467 0.7171496264133246 0.5861343475107146 0.79031169738965 0.5449468112573759 0.7965105043056295
0 0.5559386973180077 0.22869731800766274 0.5747126436781609 0.2286973180076628 0.5747126436781609 0.2740996168582376 0.5559386973180077 0.2740996168582375
0 0.9320733847089355 0.5555711776137185 0.9354167680637565 0.5846479994750158 0.8994416613915495 0.5939553023904238 0.8960982780367286 0.5648784805291266
0 0.8381094282064137 0.9081511284634113 0.8470621242959951 0.9068037297237679 0.8482384823848238 0.924390243902439 0.8392857862952424 0.9257376426420821
0 0.5017522485939535 0.19814944261834255 0.506166889834822 0.18980472296251708 0.5165753573625183 0.20219419999334134 0.5121607161216498 0.21053891964916674
0 0.37243029704577174 0.4995722951891867 0.37169590202056646 0.49109377570588103 0.38056793928579785 0.4893646937478024 0.38130233431100313 0.4978432132311081
0 0.6399175842525132 0.2841049411237524 0.6454731902480861 0.28058163231238853 0.6499236855887565 0.29637124935243797 0.6443680795931837 0.29989455816380184
0 0.5970511384742876 0.3413374768498964 0.6014371432076348 0.3385559172619774 0.6042187027955537 0.3484244279120084 0.5998326980622065 0.3512059874999274
