0 0.5365352275691122 0.7177257615776895 0.5807576349148023 0.711070200467901 0.5860985172868548 0.7909162137309523 0.5418761099411648 0.7975717748407408
0 0.8567632850241546 0.3710144927536232 0.8765700483091787 0.3710144927536232 0.8765700483091787 0.41340579710144926 0.8567632850241546 0.41340579710144926
0 0.8678943263813911 0.5147769931308069 0.8864004424988808 0.5175622007691424 0.8835549489809277 0.5601022339223332 0.865048832863438 0.5573170262839978
0 0.022229372609693435 0.8331182331199831 0.053304654346123054 0.8425671403163336 0.04199826966672933 0.9262313603759519 0.010922987930299709 0.9167824531796014
0 0.37140778866364677 0.4885231838909206 0.3788688729363252 0.4885231838909206 0.3788688729363252 0.496333167787861 0.37140778866364677 0.496333167787861
0 0.5015954327416633 0.2028787154068635 0.507252444063787 0.18966330570955994 0.5184900373438067 0.20048666920852118 0.5128330260216831 0.21370207890582474
0 0.5533119658119658 0.23125 0.5724358974358975 0.23125 0.5724358974358975 0.26826923076923076 0.5533119658119658 0.26826923076923076
0 0.6382064160358281 0.28356843539748516 0.6459548056469661 0.28121242089767196 0.6483320455026335 0.2988033594743096 0.6405836558914955 0.30115937397412285
0 0.7322403217428599 0.8014144216938386 0.741464477769601 0.7986096782002612 0.7442302664924343 0.8190757743845928 0.7350061104656932 0.8218805178781703
0 0.28986440639207145 0.9650413653064652 0.29671242917090374 0.9720688419775074 0.29043862391095887 0.9858244355593354 0.2835906011321267 0.9787969588882931
0 0.8344098814050014 0.9445360305873093 0.851883629489158 0.9471658647635008 0.8507246376811594 0.9644927536231883 0.8332508895970028 0.961862919446997
