0 0.5654320987654321 0.6833333333333333 0.5989988147624004 0.710839704120868 0.5761731344647945 0.7735128954076204 0.5426064184678261 0.7460065246200857
0 0.4635245162089681 0.6233066266372612 0.47778957621975265 0.6086677476973901 0.4961462656840358 0.6489155955849608 0.4818812056732512 0.6635544745248321
0 0.6810966810966811 0.767965367965368 0.6870129870129871 0.767965367965368 0.6870129870129871 0.7807359307359306 0.6810966810966811 0.7807359307359306
0 0.020353932999821404 0.8295676232251502 0.05445526796884852 0.8362550988364834 0.04684183419594578 0.9236069799494531 0.012740499226918672 0.9169195043381198
0 0.5382175830618484 0.23264248609115112 0.5394456594796904 0.20666605414833733 0.5664611487002168 0.20953975296608784 0.5652330722823748 0.23551618490890164
0 0.8587962962962963 0.37430555555555556 0.8722222222222222 0.37430555555555556 0.8722222222222222 0.41597222222222224 0.8587962962962963 0.41597222222222224
0 0.659518973282274 0.20764356826739386 0.677086056776412 0.2060606307718844 0.6783383230856606 0.2373297114944175 0.6607712395915227 0.23891264898992692
0 0.5358279069755962 0.9087950958240224 0.5387878816656749 0.9000716375377069 0.549004544523522 0.9078715708426442 0.5460445698334433 0.9165950291289597
0 0.6113685482192408 0.7845105058210888 0.6121269392702591 0.8005520918629662 0.6055158613863335 0.8012553272011831 0.6047574703353154 0.7852137411593052
0 0.7072074770635817 0.6706108363595312 0.7133209527928058 0.67246973068276 0.7107262461332992 0.6916698653948544 0.704612770404075 0.6898109710716258
0 0.6920376189439805 0.6718723540674 0.6989576334353597 0.6806153257654872 0.691198150789877 0.6944338993540535 0.6842781362984978 0.6856909276559662
0 0.5874435411020775 0.8180832717418084 0.5951876488461855 0.8180832717418084 0.5951876488461852 0.8380327666913032 0.5874435411020776 0.8380327666913032
0 0.6819209039548023 0.9384180790960452 0.6900188323917138 0.9384180790960452 0.6900188323917138 0.9559322033898305 0.6819209039548023 0.9559322033898305
0 0.5972222222222222 0.3729166666666667 0.6143518518518519 0.3729166666666667 0.6143518518518519 0.3881944444444445 0.5972222222222222 0.3881944444444445
0 0.6857961053837343 0.8017182130584192 0.6940435280641466 0.8017182130584192 0.6940435280641466 0.8207903780068729 0.6857961053837343 0.8207903780068729
