0 0.8594233814068005 0.3621278395139958 0.8838066803241066 0.36954194859801426 0.8756007731825715 0.4302634648338304 0.8512174742652654 0.4228493557498119
0 0.7790791067429522 0.6980929373000757 0.7869709924217073 0.6969051926575052 0.7883291023319238 0.7172088905017521 0.7804372166531688 0.7183966351443227
0 0.6559420289855071 0.928586100650462 0.664927536231884 0.928586100650462 0.664927536231884 0.9482962455779981 0.6559420289855071 0.9482962455779981
0 0.5331400797264618 0.18591922483094725 0.5500721380302515 0.1859192248309467 0.5500721380302512 0.221705913366328 0.5331400797264618 0.22170591336632814
0 0.4993309826742118 0.6974830579295287 0.4976791301832434 0.6784125808054426 0.514913190991677 0.6750538140738068 0.5165650434826452 0.694124291197893
0 0.8322236570648816 0.9328032802325873 0.8487692207986901 0.9158241364849947 0.8688490867690388 0.9598501245450901 0.8523035230352303 0.9768292682926828
0 0.8644216051424432 0.47090505966964624 0.8569096687589245 0.4756690533134625 0.8638711087000854 0.5003670840503476 0.8713830450836044 0.49560309040653133
0 0.8036429872495446 0.9663934426229509 0.819672131147541 0.9663934426229509 0.819672131147541 0.9989071038251367 0.8036429872495446 0.9989071038251367
0 0.8375227686703096 0.8527322404371585 0.8475409836065574 0.8527322404371585 0.8475409836065574 0.8775956284153006 0.8375227686703096 0.8775956284153006
0 0.7837367452833731 0.21645139112821024 0.7963195457478937 0.22443127519191217 0.7876658048077014 0.2551333083253417 0.775083004343181 0.2471534242616398
0 0.025 0.8368055555555557 0.059303939950492275 0.8527227337522342 0.04108864315921348 0.9410503876285556 0.006784703208721218 0.9251332094318772
0 0.3681801982568299 0.37933270780303907 0.3771407858171711 0.3834904596283608 0.37308964301301134 0.40313482466449346 0.36412905545267016 0.39897707283917166
0 0.728301967790932 0.7864477935574269 0.7384057469439347 0.7833755874111114 0.7411138397692054 0.8034147493978997 0.7310100606162027 0.8064869555442152
0 0.7476447622654281 0.8046352445640902 0.7544928792469074 0.806717517618815 0.7521261426601162 0.824230734817353 0.7452780256786369 0.822148461762628
0 0.8998655188940275 0.6339180118353426 0.906050549532286 0.6367878931073818 0.9032840874051851 0.6502027230727938 0.8970990567669266 0.6473328418007546
