0 0.5654320987654321 0.6833333333333333 0.5989988147624004 0.710839704120868 0.5761731344647945 0.7735128954076204 0.5426064184678261 0.7460065246200857
0 0.4635245162089681 0.6233066266372612 0.47778957621975265 0.6086677476973901 0.4961462656840358 0.6489155955849608 0.4818812056732512 0.6635544745248321
0 0.6810966810966811 0.767965367965368 0.6870129870129871 0.767965367965368 0.6870129870129871 0.7807359307359306 0.6810966810966811 0.7807359307359306
0 0.020353932999821404 0.8295676232251502 0.05445526796884852 0.8362550988364834 0.04684183419594578 0.9236069799494531 0.012740499226918672 0.9169195043381198
0 0.5625 0.23333333333333334 0.5798611111111112 0.23333333333333334 0.5798611111111112 0.27395833333333336 0.5625 0.27395833333333336
0 0.8587962962962963 0.37430555555555556 0.8722222222222222 0.37430555555555556 0.8722222222222222 0.41597222222222224 0.8587962962962963 0.41597222222222224
0 0.7927166215745423 0.426120221181503 0.8095293512796927 0.4183190410524657 0.815700886842966 0.44824538611093356 0.7988881571378156 0.45604656623997086
0 0.5358279069755962 0.9087950958240224 0.5387878816656749 0.9000716375377069 0.549004544523522 0.9078715708426442 0.5460445698334433 0.9165950291289597
0 0.5544579832785387 0.8690057696223504 0.5641376531831435 0.8660625202772383 0.5651187362981809 0.873322272705692 0.555439066393576 0.8762655220508041
0 0.7755393204101921 0.8052330099813589 0.7849481003135002 0.812943069812713 0.7817706211102754 0.8216675748139625 0.7723618412069674 0.8139575149826083
0 0.7072074770635817 0.6706108363595312 0.7133209527928058 0.67246973068276 0.7107262461332992 0.6916698653948544 0.704612770404075 0.6898109710716258
0 0.5782928694326392 0.6717650749202888 0.5829235497518275 0.6630119901346787 0.5938030901633203 0.6759621978069839 0.5891724098441322 0.684715282592594
