0 0.8594233814068005 0.3621278395139958 0.8838066803241066 0.36954194859801426 0.8756007731825715 0.4302634648338304 0.8512174742652654 0.4228493557498119
0 0.025 0.8368055555555557 0.059303939950492275 0.8527227337522342 0.04108864315921348 0.9410503876285556 0.006784703208721218 0.9251332094318772
0 0.7334446789077742 0.8018978781319998 0.7403971707842872 0.8008515141430896 0.7415864806733217 0.8186316573026972 0.7346339887968086 0.8196780212916072
0 0.540053016323708 0.7233484333293041 0.5812405525770467 0.7171496264133246 0.5861343475107146 0.79031169738965 0.5449468112573759 0.7965105043056295
0 0.5559386973180077 0.22869731800766274 0.5747126436781609 0.2286973180076628 0.5747126436781609 0.2740996168582376 0.5559386973180077 0.2740996168582375
0 0.87513644527744 0.5297733935843894 0.8923991637054792 0.5439193926724544 0.8748971193415638 0.5919753086419753 0.8576344009135245 0.5778293095539101
0 0.7804042078180883 0.9146020475780412 0.7900284898821097 0.9067153936962404 0.7970849696710891 0.9260905931145994 0.7874606876070678 0.9339772469964002
0 0.5017522485939535 0.19814944261834255 0.506166889834822 0.18980472296251708 0.5165753573625183 0.20219419999334134 0.5121607161216498 0.21053891964916674
0 0.37231942546850827 0.4939422492461311 0.37667891556919186 0.48843432746130666 0.3824424792933964 0.4986984433945616 0.3780829891927128 0.5042063651793861
0 0.6399175842525132 0.2841049411237524 0.6454731902480861 0.28058163231238853 0.6499236855887565 0.29637124935243797 0.6443680795931837 0.29989455816380184
0 0.5970511384742876 0.3413374768498964 0.6014371432076348 0.3385559172619774 0.6042187027955537 0.3484244279120084 0.5998326980622065 0.3512059874999274
