0 0.5600322900514764 0.6860719601513147 0.5990359594688264 0.7180336627249282 0.5733876796258031 0.7884569547284769 0.534384010208453 0.756495252154863
0 0.8567632850241546 0.3710144927536232 0.8765700483091787 0.3710144927536232 0.8765700483091787 0.41340579710144926 0.8567632850241546 0.41340579710144926
0 0.8675806919556353 0.5161643163491539 0.8847115365300849 0.5270285237251562 0.8736121731502732 0.5664072183962938 0.8564813285758235 0.5555430110202917
0 0.022229372609693435 0.8331182331199831 0.053304654346123054 0.8425671403163336 0.04199826966672933 0.9262313603759519 0.010922987930299709 0.9167824531796014
0 0.37140778866364677 0.4885231838909206 0.3788688729363252 0.4885231838909206 0.3788688729363252 0.496333167787861 0.37140778866364677 0.496333167787861
0 0.49254193479927644 0.21398982651797457 0.4981989461214001 0.20077441682067104 0.5094365394014199 0.21159778031963228 0.5037795280792963 0.2248131900169358
0 0.5558495162111095 0.2299105654039258 0.5748779078334137 0.23277437655453193 0.5724140703071938 0.269608665365305 0.5533856786848896 0.26674485421469885
0 0.6381370056256819 0.2855434819154169 0.6454188980996363 0.28092537977906434 0.6500786047597397 0.2974572437739879 0.6427967122857854 0.3020753459103405
0 0.7281335534919408 0.7995424007809949 0.732402693458299 0.7869606498154217 0.7448096978826834 0.796432804115779 0.7405405579163251 0.8090145550813526
0 0.8467467464863465 0.9457704943098721 0.862158397155403 0.9331413596102102 0.8677241715268563 0.9484234820833616 0.8523125208578 0.9610526167830237
0 0.9068783068783068 0.767989417989418 0.9151978344437613 0.7574782558904313 0.9244285794164745 0.7739169457503783 0.9161090518510199 0.7844281078493651
