0 0.7231881812348192 0.49916822209936473 0.7766624079827047 0.4652554114299557 0.8021921754658342 0.5558307790741807 0.7487179487179487 0.5897435897435898
0 0.07008547008547009 0.3730769230769231 0.09487179487179487 0.3730769230769231 0.09487179487179487 0.4346153846153846 0.07008547008547009 0.4346153846153846
0 0.09990510253169026 0.7615929864569425 0.12398268884298609 0.7727650918307248 0.11229001941952926 0.8294639241121631 0.08821243310823347 0.8182918187383809
0 0.12138731165066138 0.7925083130261408 0.12804885241497144 0.7565149845846019 0.15390946502057612 0.7672839506172839 0.1472479242562661 0.8032772790588227
0 0.3546000843130108 0.5810572499182775 0.3724451786894363 0.5627445210514115 0.37753204781912125 0.5738977050366775 0.3596869534426958 0.5922104339035434
0 0.3923267922620095 0.5100532358982015 0.3981135517263912 0.5209915846362428 0.3863518864166692 0.5349918091468435 0.3805651269522875 0.5240534604088021
0 0.22337284533018403 0.5285474817718001 0.23445930031604137 0.5215165647900006 0.24291828681768912 0.5515276415767589 0.23183183183183184 0.5585585585585585
0 0.26546546546546546 0.9495495495495496 0.29688888888888887 0.9495495495495496 0.29688888888888887 0.9998333333333334 0.26546546546546546 0.9998333333333334
0 0.44504504504504505 0.9157657657657658 0.463963963963964 0.9157657657657658 0.463963963963964 0.9355855855855856 0.44504504504504505 0.9355855855855856
0 0.5168168168168168 0.8481981981981983 0.53003003003003 0.8481981981981983 0.53003003003003 0.8612612612612613 0.5168168168168168 0.8612612612612613
0 0.500882102645445 0.8479030994849013 0.5264692420099119 0.8688705763990838 0.5102102102102102 0.9135135135135135 0.48462307084574313 0.8925460365993308
0 0.5137022397288757 0.7493436709379011 0.5226625421625911 0.7566862242318393 0.5163277903011543 0.7740797524855223 0.5073674878674389 0.7667371991915841
0 0.635555516981654 0.8918848815618853 0.6508407387803451 0.879359349472226 0.6557357743096373 0.8927998031227994 0.6404505525109462 0.9053253352124587
0 0.6334586042138908 0.882738245979336 0.648948948948949 0.8229729729729729 0.6947696240143374 0.8496941864530965 0.6792792792792792 0.9094594594594595
0 0.733774869140911 0.9030040029236732 0.7460130707984283 0.9048458768490071 0.7442982456140351 0.9304824561403509 0.7320600439565179 0.9286405822150168
0 0.8639784489186842 0.7014244163588035 0.8834625322997416 0.7104651162790698 0.8817579851898428 0.7187306224008865 0.8622739018087855 0.7096899224806202
0 0.5122650730596113 0.6403827939134729 0.5196772244427845 0.6263720687006235 0.5332633822249416 0.6425440353548196 0.5258512308417684 0.656554760567669
0 0.09899189824559934 0.8849443305150818 0.15560443093452417 0.8586758677007404 0.17919740216592328 0.9730803608429428 0.12258486947699847 0.9993488236572842
0 0.31399176954732505 0.6228395061728395 0.3373083647675357 0.629929267940385 0.3263374485596708 0.711111111111111 0.30302085333946016 0.7040213493435659
0 0.37183207799512336 0.7845161857111166 0.38001557464919594 0.7948554819260426 0.3680856174781276 0.8161010982395005 0.359902120824055 0.8057618020245745
0 0.3919871794871795 0.7833333333333333 0.39887005649717516 0.7833333333333333 0.39887005649717516 0.8007062146892655 0.3919871794871795 0.8007062146892655
0 0.470337870498288 0.6046019515871942 0.4813934723347106 0.602938061309747 0.4831600718885433 0.6293486656967564 0.47210447005212075 0.6310125559742036
0 0.6860082304526749 0.725925925925926 0.6962962962962962 0.725925925925926 0.6962962962962962 0.7555555555555555 0.6860082304526749 0.7555555555555555
0 0.7687242798353909 0.7388888888888888 0.7777777777777777 0.7388888888888888 0.7777777777777777 0.7623456790123456 0.7687242798353909 0.7623456790123456
0 0.7323383240107806 0.590783148692919 0.7617806533039537 0.5818307652682033 0.7684847212567091 0.6314390735293031 0.7390423919635359 0.6403914569540189
0 0.5733102237254305 0.847402805255092 0.5826016284894947 0.8532953196452889 0.5774207704266165 0.8716761421133292 0.5681293656625522 0.8657836277231322
0 0.5706089131610282 0.8848845566069747 0.5754980830511839 0.877333439860664 0.5823150634471586 0.8872645662000426 0.5774258935570032 0.8948156829463533
0 0.7177787528061671 0.9276580362044787 0.7467836257309942 0.9460526315789474 0.7316837395332835 0.9996245156412439 0.7026788666084564 0.9812299202667754
0 0.803483325285733 0.3254393041769798 0.8145966111139203 0.318391371347895 0.8212142959291975 0.3418698160886641 0.8101010101010101 0.3489177489177489
