0 0.7231881812348192 0.49916822209936473 0.7766624079827047 0.4652554114299557 0.8021921754658342 0.5558307790741807 0.7487179487179487 0.5897435897435898
0 0.07008547008547009 0.3730769230769231 0.09487179487179487 0.3730769230769231 0.09487179487179487 0.4346153846153846 0.07008547008547009 0.4346153846153846
0 0.09990510253169026 0.7615929864569425 0.12398268884298609 0.7727650918307248 0.11229001941952926 0.8294639241121631 0.08821243310823347 0.8182918187383809
0 0.1283449673919531 0.7644829512278474 0.1917043524086114 0.7243010737351524 0.2154471544715447 0.8085365853658536 0.15208776945488642 0.8487184628585486
0 0.3546000843130108 0.5810572499182775 0.3724451786894363 0.5627445210514115 0.37753204781912125 0.5738977050366775 0.3596869534426958 0.5922104339035434
0 0.3923267922620095 0.5100532358982015 0.3981135517263912 0.5209915846362428 0.3863518864166692 0.5349918091468435 0.3805651269522875 0.5240534604088021
0 0.22337284533018403 0.5285474817718001 0.23445930031604137 0.5215165647900006 0.24291828681768912 0.5515276415767589 0.23183183183183184 0.5585585585585585
0 0.26546546546546546 0.9495495495495496 0.29688888888888887 0.9495495495495496 0.29688888888888887 0.9998333333333334 0.26546546546546546 0.9998333333333334
0 0.44504504504504505 0.9157657657657658 0.463963963963964 0.9157657657657658 0.463963963963964 0.9355855855855856 0.44504504504504505 0.9355855855855856
0 0.5168168168168168 0.8481981981981983 0.53003003003003 0.8481981981981983 0.53003003003003 0.8612612612612613 0.5168168168168168 0.8612612612612613
0 0.500882102645445 0.8479030994849013 0.5264692420099119 0.8688705763990838 0.5102102102102102 0.9135135135135135 0.48462307084574313 0.8925460365993308
0 0.5137022397288757 0.7493436709379011 0.5226625421625911 0.7566862242318393 0.5163277903011543 0.7740797524855223 0.5073674878674389 0.7667371991915841
0 0.635555516981654 0.8918848815618853 0.6508407387803451 0.879359349472226 0.6557357743096373 0.8927998031227994 0.6404505525109462 0.9053253352124587
0 0.6334586042138908 0.882738245979336 0.648948948948949 0.8229729729729729 0.6947696240143374 0.8496941864530965 0.6792792792792792 0.9094594594594595
0 0.7216216216216217 0.9139639639639641 0.7381381381381381 0.9139639639639641 0.7381381381381381 0.9324324324324325 0.7216216216216217 0.9324324324324325
0 0.8202027693085144 0.789083138470598 0.8786786786786787 0.8162162162162162 0.8590327213682578 0.9114812748791463 0.8005568119980934 0.8843481971335279
0 0.5122650730596113 0.6403827939134729 0.5196772244427845 0.6263720687006235 0.5332633822249416 0.6425440353548196 0.5258512308417684 0.656554760567669
