0 0.2969213372084187 0.40200200616065773 0.342876093479219 0.3548429957358193 0.38222222222222224 0.4411111111111112 0.3362674659514219 0.4882701215359496
0 0.37 0.5583333333333333 0.3847953216374269 0.5583333333333333 0.3847953216374269 0.5850877192982457 0.37 0.5850877192982457
0 0.3826230168189373 0.691838430743569 0.3934481109080791 0.6868155397327594 0.3997139829780307 0.7171993312114125 0.3888888888888889 0.7222222222222223
0 0.44529781070556906 0.6183818768695412 0.45672514619883037 0.6236842105263157 0.45002382672133145 0.6561795266392307 0.4385964912280702 0.650877192982456
0 0.7282828282828282 0.7222222222222222 0.7658486585047338 0.7222222222222222 0.7658486585047338 0.785933412943375 0.7282828282828282 0.785933412943375
0 0.3473333333333333 0.9561111111111111 0.37444444444444447 0.9561111111111111 0.37444444444444447 0.9998333333333334 0.3473333333333333 0.9998333333333334
0 0.5144592878373988 0.846482388655089 0.5417499839560027 0.8291749067747046 0.560355526977416 0.8951842780115781 0.5330648308588121 0.9124917598919624
0 0.1189814814814815 0.6798611111111111 0.1287037037037037 0.6798611111111111 0.1287037037037037 0.7037037037037037 0.1189814814814815 0.7037037037037037
0 0.2529157544027701 0.21277825183127053 0.28319783197831977 0.2268292682926829 0.27155337845988514 0.2832942972044078 0.24127130088433543 0.26924328074299547
0 0.24012206891748372 0.2698732662607595 0.24758189326325697 0.2721415381477898 0.24570470273605957 0.2860322455502641 0.23824487839028627 0.2837639736632338
0 0.3395487919029871 0.6526919511135828 0.36315789473684207 0.637719298245614 0.3826734303192351 0.7069571716934349 0.3590643274853801 0.7219298245614034
0 0.6012170769216703 0.5474761147031882 0.6097673359095463 0.5387017943614976 0.6217777722153894 0.5650352034678332 0.6132275132275132 0.5738095238095239
0 0.7153793595625522 0.526169719033569 0.7364285860013473 0.5659577525384571 0.7024429740492552 0.6064117346005161 0.6813937476104601 0.5666237010956279
0 0.7306878306878307 0.6555555555555556 0.7698412698412699 0.6555555555555556 0.7698412698412699 0.7341269841269841 0.7306878306878307 0.7341269841269841
0 0.8063492063492064 0.8753968253968254 0.8228342869398156 0.9065575400566789 0.791005291005291 0.9444444444444445 0.774520210414682 0.9132837297845909
0 0.8788359788359789 0.9055555555555557 0.9375661375661376 0.9055555555555557 0.9375661375661376 0.9976190476190477 0.8788359788359789 0.9976190476190477
0 0.8412932152774486 0.5939818829329294 0.8650871925071745 0.549005619031563 0.8923124957482442 0.5814126249875224 0.8685185185185186 0.6263888888888889
0 0.5184839044652129 0.3495327102803738 0.535098650051921 0.3495327102803738 0.535098650051921 0.3632398753894081 0.5184839044652129 0.3632398753894081
