0 0.2803921568627451 0.5284313725490196 0.3405228758169934 0.5284313725490196 0.3405228758169934 0.6372549019607843 0.2803921568627451 0.6372549019607843
0 0.2508487420729088 0.4583736295170647 0.26830676091348643 0.4473019315494659 0.28052380694669893 0.4906459783260722 0.2630657881061214 0.5017176762936711
0 0.36825310639629344 0.5661251573814736 0.38842132116672284 0.5567670175038646 0.3913765232333362 0.5710970648407487 0.3712083084629068 0.5804552047183578
0 0.22358969587131677 0.535304232451802 0.2339906743826101 0.526781111765505 0.2423362300546092 0.5496957675481982 0.2319352515433159 0.5582188882344952
0 0.4210556517034022 0.5979089358147752 0.42506285369180424 0.5917199813050539 0.4309704920874474 0.6003263583028717 0.4269632900990454 0.6065153128125931
0 0.4590389820362075 0.5531781255881117 0.4846842097123665 0.5369141830563975 0.5023989264605246 0.5997630508824766 0.47675369878436574 0.6160269934141909
0 0.1005128205128205 0.7587179487179487 0.1246153846153846 0.7587179487179487 0.1246153846153846 0.8089743589743589 0.1005128205128205 0.8089743589743589
0 0.14957264957264957 0.7871794871794872 0.13349953033660678 0.8003506647667967 0.12155386757713617 0.7675510812534037 0.13762698681317903 0.7543799036660942
0 0.0947695161687332 0.3924346414167143 0.1322532458520474 0.3980760180061868 0.12809523809523807 0.46023809523809517 0.09061150841192388 0.45459671864862267
0 0.24554844643590387 0.37995721270643706 0.2537148397201615 0.38664919418278754 0.24625710911965168 0.40712612062689624 0.23809071583539404 0.4004341391505458
0 0.19865550642436716 0.1989035309953173 0.2225039226203931 0.22337690000584753 0.1991111111111111 0.27466666666666667 0.17526269491508514 0.2501932976561364
0 0.19970559423704576 0.8494226956163067 0.23070095588423212 0.8638046790071585 0.21940551687406534 0.9185773043836933 0.188410155226879 0.9041953209928415
0 0.28912680187081374 0.8581169997103251 0.2985420920317321 0.8521459184615924 0.3059843092402974 0.8785496669563416 0.296569019079379 0.8845207482050743
0 0.3533126509166131 0.8385948282707709 0.36211623080898303 0.8476291078450916 0.3515762379722758 0.8707385050625625 0.34277265807990587 0.8617042254882418
0 0.47456044861725444 0.7492326083443165 0.5159410374594402 0.7618149992946702 0.5045506624938567 0.8461007249890169 0.46317007365167084 0.833518334038663
0 0.5995555555555555 0.8966666666666666 0.6551111111111111 0.8966666666666666 0.6551111111111111 0.9306666666666666 0.5995555555555555 0.9306666666666666
0 0.6369114877589455 0.8923728813559322 0.6521713050372684 0.8798681670953686 0.6559885028999594 0.8903491678238731 0.6407286856216365 0.902853882084437
0 0.6329513466496884 0.8797912950793692 0.652165725047081 0.8231638418079097 0.6937729050143051 0.854928933136298 0.6745585266169127 0.9115563864077577
0 0.5138584095531864 0.6373018412818292 0.5211441444079685 0.6280968065648526 0.5313097588788062 0.6462003706884288 0.524024024024024 0.6554054054054054
0 0.527818030829093 0.5880043508152711 0.558551248921826 0.5564657622112241 0.5844942814832194 0.6133470005360803 0.5537610633904865 0.6448855891401273
0 0.5552518293346658 0.6544957307191923 0.562142299490382 0.6632013751413233 0.5528562787734422 0.6797385035150418 0.5459658086177261 0.671032859092911
0 0.5468415637787948 0.7335978152208774 0.5507589449082725 0.7184836678808685 0.5672725503353193 0.7281138964908341 0.5633551692058417 0.7432280438308428
0 0.7289470862285673 0.9135713273437467 0.735894053854004 0.8930976447477409 0.7578397005582196 0.9098520960796768 0.7508927329327828 0.9303257786756827
0 0.7566950096043267 0.7464311256013259 0.766856799457569 0.7360030438854717 0.7775392246299074 0.7594247302545298 0.7673774347766651 0.769852811970384
0 0.7717717717717718 0.6594594594594595 0.7888888888888889 0.6594594594594595 0.7888888888888889 0.677027027027027 0.7717717717717718 0.677027027027027
0 0.7264593346617567 0.520393863505979 0.7694160786822165 0.48519279918503966 0.7957628875604655 0.5575340644219489 0.7528061435400059 0.5927351287428883
0 0.8042042042042042 0.254054054054054 0.8180180180180181 0.254054054054054 0.8180180180180181 0.2828828828828828 0.8042042042042042 0.2828828828828828
0 0.8582985678131597 0.8893253244917858 0.9056261910695782 0.8505425268567306 0.933300348176 0.9265283340447994 0.8859727249195812 0.9653111316798548
0 0.8758823529411764 0.4681372549019608 0.8802614379084968 0.4681372549019608 0.8802614379084968 0.4779411764705882 0.8758823529411764 0.4779411764705882
0 0.5331281561431476 0.49229450040549166 0.5406488104855888 0.48613167211669633 0.545890756386403 0.5005246485306787 0.5383701020439619 0.5066874768194738
