0 0.06944444444444445 0.36770833333333336 0.10138888888888889 0.36770833333333336 0.10138888888888889 0.4427083333333333 0.06944444444444445 0.4427083333333333
0 0.7245404904238104 0.5192477439397987 0.757957957957958 0.47702702702702704 0.7945285786452586 0.5421542830872282 0.7611111111111111 0.584375
0 0.742042042042042 0.5743243243243243 0.7639639639639639 0.5743243243243243 0.7639639639639639 0.6144144144144145 0.742042042042042 0.6144144144144145
0 0.5384228057471366 0.6219067365589213 0.5655099299967553 0.5997100914285093 0.5744744744744744 0.6243243243243243 0.5473873502248559 0.6465209694547365
0 0.49373648212777405 0.535165688248884 0.5006837000272473 0.5244360031285922 0.5111068227155309 0.5396206365374406 0.5041596048160577 0.5503503216577326
0 0.5130812972253513 0.6342971017563394 0.5229886674607417 0.6241301067784905 0.5332691935972135 0.6466706118597579 0.5233618233618234 0.6568376068376068
0 0.45846817639071913 0.602731761079757 0.46935780503339963 0.599420605566506 0.47230105437851155 0.6211998628518669 0.46141142573583105 0.6245110183651179
0 0.39097508293331795 0.5007901119468643 0.40167657855787464 0.5143107300740751 0.38762574011194956 0.5393333448432591 0.3769242444873929 0.5258127267160483
0 0.21858320248705349 0.5340622502334494 0.23081039678201165 0.5215146397135597 0.24149910203969546 0.5449500954455629 0.2292719077447373 0.5574977059654527
0 0.35295594651895656 0.5862051934964762 0.3708966891836544 0.5635382748714463 0.3783197736456525 0.5767577694664868 0.36037903098095464 0.5994246880915165
0 0.235113825291559 0.7302728555929761 0.24686895907066758 0.7121175471195932 0.253363540963585 0.7215789962588758 0.24160840718447646 0.7397343047322587
0 0.2806650719579247 0.9228342557249969 0.3051194605478411 0.9479294767647763 0.29628966055236333 0.9672892010651264 0.27183527196244694 0.942193980025347
0 0.25555555555555554 0.9450617283950618 0.28518518518518515 0.9450617283950618 0.28518518518518515 0.9981481481481481 0.25555555555555554 0.9981481481481481
0 0.3997228425837589 0.8450472423595315 0.4123629206356778 0.8554052015269064 0.4015117253174757 0.8851996712207153 0.3888716472655568 0.8748417120533404
0 0.437037037037037 0.8728395061728395 0.45061728395061723 0.8728395061728395 0.45061728395061723 0.9104938271604938 0.437037037037037 0.9104938271604938
0 0.5025038424982623 0.8882458527750973 0.5092297025385878 0.8797481821342166 0.518411683795115 0.8961000305085448 0.5116858237547893 0.9045977011494254
0 0.5513409961685825 0.8359195402298851 0.5628352490421457 0.8359195402298851 0.5628352490421457 0.8465517241379311 0.5513409961685825 0.8465517241379311
0 0.635632183908046 0.8893678160919541 0.6512172907628718 0.8765965420730449 0.6567426422906011 0.8917676742675256 0.6411575354357755 0.9045389482864349
0 0.6328929454863839 0.8746483277631663 0.6546128446770195 0.823908219595834 0.6921455938697318 0.8600574712643679 0.6704256946790961 0.9107975794317004
0 0.727487726651407 0.9266384919577737 0.733641629307719 0.9344135330106421 0.7250026948045316 0.9497982896514221 0.7188487921482197 0.9420232485985535
0 0.7653256704980843 0.739080459770115 0.7777777777777779 0.739080459770115 0.7777777777777779 0.7626436781609195 0.7653256704980843 0.7626436781609195
0 0.7413793103448276 0.7632183908045979 0.7597701149425288 0.7632183908045979 0.7597701149425288 0.7744252873563219 0.7413793103448276 0.7744252873563219
0 0.09815392959672141 0.7608064866551716 0.12462367159017661 0.7730885627297563 0.11359496245200901 0.8265677903602991 0.0871252204585538 0.8142857142857142
0 0.13169914367719138 0.7550048850449119 0.15383301036690283 0.7690419581562086 0.1419753086419753 0.8111111111111111 0.11984144195226382 0.7970740379998145
