0 0.7241158981181558 0.514577539923469 0.7663698733202849 0.4799523621353876 0.7939910977666177 0.5557928304469013 0.7517371225644885 0.5904180082349827
0 0.5108913850989644 0.6380377675729675 0.5225371303374522 0.6233241537286499 0.5331415367117351 0.6422091460072794 0.5214957914732472 0.656922759851597
0 0.38914233100377427 0.519351037753293 0.3985747380313134 0.5096714524950924 0.4067306848692416 0.5275537241514688 0.39729827784170246 0.5372333094096695
0 0.3762092635228641 0.49001323031672844 0.38266025157237493 0.4999765093569998 0.3707043167240494 0.5173941770906789 0.3642533286745387 0.5074308980504075
0 0.24981375238827105 0.691391311852107 0.2742721204369349 0.6604898130333884 0.29923773812663407 0.7049501515625272 0.2747793700779701 0.7358516503812457
0 0.24564730439138202 0.7470855412300219 0.2599386921311477 0.7449346586762488 0.2619407714893768 0.7748656782821731 0.2476493837496111 0.7770165608359463
0 0.3981292455133954 0.8416874432890389 0.40930712638300176 0.8325276870636741 0.4184019197982576 0.8574995485808795 0.4072240389286512 0.8666593048062444
0 0.4650725520804568 0.6628824571000077 0.48726287262872625 0.6971544715447154 0.4500916744478331 0.7513062871401489 0.4279013538995638 0.7170342726954414
0 0.2253205849023208 0.5358084804084094 0.23336509171964917 0.5292163792526016 0.23995719287545697 0.5473165195915906 0.2319126860581286 0.5539086207473984
0 0.07516339869281045 0.3686274509803921 0.09607843137254901 0.3686274509803921 0.09607843137254901 0.4245098039215686 0.07516339869281045 0.4245098039215686
0 0.1171207531002007 0.7873797624794194 0.13351914839727538 0.7705516437487204 0.1477709443166825 0.8017993322496929 0.13137254901960782 0.818627450980392
0 0.632962962962963 0.88 0.652962962962963 0.88 0.652962962962963 0.898888888888889 0.632962962962963 0.898888888888889
0 0.7056671576205014 0.8905508168398819 0.7154180749748388 0.8985412424832853 0.7061846942313506 0.9238936276045627 0.6964337768770131 0.9159032019611594
0 0.6344782170003225 0.8794967026810242 0.6525925925925926 0.8261111111111111 0.6921481358633698 0.8563098759764552 0.6740337602710994 0.9096954675463683
0 0.8237037037037037 0.7966666666666666 0.8592592592592593 0.7966666666666666 0.8592592592592593 0.8577777777777779 0.8237037037037037 0.8577777777777779
0 0.7658051628468829 0.7375097599257683 0.7761237245608772 0.7359567956668176 0.7778985408568209 0.7624902400742317 0.7675799791428265 0.7640432043331824
0 0.6920105989573324 0.7696561356735423 0.6977270686118761 0.7563018246769299 0.7142349881730622 0.7722012445589435 0.7085185185185185 0.7855555555555557
0 0.2473251028806584 0.9432098765432099 0.28148148148148144 0.9432098765432099 0.28148148148148144 0.9987654320987653 0.2473251028806584 0.9987654320987653
