0 0.4606706158052271 0.29673380149447065 0.48469369711072474 0.3078806163071352 0.4720779222064687 0.3690556721897399 0.4480548409009711 0.35790885737707534
0 0.4426900584795322 0.2535087719298246 0.45321637426900585 0.2535087719298246 0.45321637426900585 0.2771929824561403 0.4426900584795322 0.2771929824561403
0 0.44587991915834085 0.3906585818800857 0.4630107637327906 0.40152278925608775 0.45774326924745623 0.42021098333730567 0.44061242467300643 0.40934677596130353
0 0.25704912069732516 0.45232928540079625 0.28928774198867796 0.4373704240965183 0.3003703703703704 0.49111111111111116 0.26813174907901766 0.5060699724153891
0 0.37462279009890154 0.5339217187575345 0.37993798328948925 0.5347216660063071 0.37922336374725235 0.5454052043193885 0.37390817055666464 0.5446052570706159
0 0.35687011335360824 0.6110439533094937 0.36628893984893024 0.6033256607607919 0.3734145529910486 0.6228906818102727 0.36399572649572653 0.6306089743589743
0 0.28186529202826544 0.5955299542399972 0.2913349329204586 0.5877700216439997 0.29794240027942676 0.6059123534523104 0.2884727593872336 0.6136722860483079
0 0.7688138187417525 0.12210093087444682 0.7863953248950839 0.11095091850919912 0.7967132467853132 0.14755718878367274 0.7791317406319817 0.15870720114892045
0 0.6542594228852812 0.4837030189720485 0.6982277666319209 0.45581874260920674 0.7185800832875581 0.5280253760896798 0.6746117395409184 0.5559096524525214
0 0.7939050173014884 0.5155373582634684 0.8227904881197227 0.5520322029150744 0.7906138658799626 0.6093343508244459 0.7617283950617283 0.5728395061728395
0 0.8255854685489531 0.5805465224338547 0.8374730185579403 0.5927455882170809 0.8258548606691537 0.6182189096649106 0.8139673106601665 0.6060198438816844
0 0.609427192591672 0.5878047698056382 0.6209743315639138 0.5783424236489765 0.6241985384024801 0.5871952301943618 0.6126513994302383 0.5966575763510235
0 0.7821092278719398 0.7211864406779661 0.82090395480226 0.7211864406779661 0.82090395480226 0.7861581920903955 0.7821092278719398 0.7861581920903955
0 0.7694915254237289 0.7387005649717515 0.7804143126177026 0.7387005649717515 0.7804143126177026 0.7615819209039549 0.7694915254237289 0.7615819209039549
0 0.5512388635974711 0.7674262538312054 0.5978362554399442 0.7458048601799945 0.6188176335776702 0.847545497581224 0.5722202417351971 0.8691668912324351
0 0.6602802988593152 0.9022439657249025 0.6729848656091091 0.9061069804903621 0.667834179255163 0.9442206807397437 0.655129612505369 0.9403576659742843
0 0.5759259259259258 0.922979797979798 0.5991582491582491 0.922979797979798 0.5991582491582491 0.9454545454545453 0.5759259259259258 0.9454545454545453
0 0.9029330228683334 0.4671691006885869 0.9361160283761816 0.4882134252476908 0.9283801084447975 0.5156591821396959 0.8951971029369495 0.494614857580592
