0 0.7231881812348192 0.49916822209936473 0.7766624079827047 0.4652554114299557 0.8021921754658342 0.5558307790741807 0.7487179487179487 0.5897435897435898
0 0.3307027083112511 0.2647278289191425 0.39628792903983767 0.22313434905890467 0.42500000000000004 0.325 0.35941477927141346 0.3665934798602377
0 0.09990510253169026 0.7615929864569425 0.12398268884298609 0.7727650918307248 0.11229001941952926 0.8294639241121631 0.08821243310823347 0.8182918187383809
0 0.12138731165066138 0.7925083130261408 0.12804885241497144 0.7565149845846019 0.15390946502057612 0.7672839506172839 0.1472479242562661 0.8032772790588227
0 0.3546000843130108 0.5807427845094725 0.3724451786894363 0.5624300556426064 0.37753204781912125 0.5735832396278724 0.3596869534426958 0.5918959684947384
0 0.3923267922620095 0.5100532358982015 0.3981135517263912 0.5209915846362428 0.3863518864166692 0.5349918091468435 0.3805651269522875 0.5240534604088021
0 0.22174770125521115 0.5295781316133567 0.23445930031604137 0.5215165647900006 0.2440841480804381 0.5556639233727223 0.2313725490196078 0.5637254901960784
0 0.25958383062591256 0.4764751017203388 0.27592592592592596 0.46611111111111114 0.28819394715186525 0.5096360093907724 0.2718518518518519 0.52
0 0.4885626407066371 0.7733996763055948 0.5030326280336407 0.7916815295920698 0.49452044237644605 0.8068405639346453 0.4800504550494424 0.7885587106481703
0 0.5083333333333333 0.425 0.5080183829637234 0.4088276767433715 0.5360539461517668 0.4075992153523633 0.5363688965213768 0.4237715386089918
0 0.489279669725063 0.9236832876999401 0.496715889244441 0.9248024536704886 0.4978361695184358 0.9080543009525418 0.49039994999905784 0.9069351349819935
0 0.5137022397288757 0.7493436709379011 0.5226625421625911 0.7566862242318393 0.5163277903011543 0.7740797524855223 0.5073674878674389 0.7667371991915841
0 0.635555516981654 0.8918848815618853 0.6508407387803451 0.879359349472226 0.6557357743096373 0.8927998031227994 0.6404505525109462 0.9053253352124587
0 0.6334586042138908 0.882738245979336 0.648948948948949 0.8229729729729729 0.6947696240143374 0.8496941864530965 0.6792792792792792 0.9094594594594595
0 0.733774869140911 0.9030040029236732 0.7460130707984283 0.9048458768490071 0.7442982456140351 0.9304824561403509 0.7320600439565179 0.9286405822150168
0 0.7871881047104519 0.5579949193472524 0.7886868686868687 0.5896969696969697 0.7814759564282995 0.5904640107771144 0.7799771924518829 0.5587619604273972
0 0.5122650730596113 0.6403827939134729 0.5196772244427845 0.6263720687006235 0.5332633822249416 0.6425440353548196 0.5258512308417684 0.656554760567669
0 0.09899189824559934 0.8849443305150818 0.15560443093452417 0.8586758677007404 0.17919740216592328 0.9730803608429428 0.12258486947699847 0.9993488236572842
0 0.37887814845582796 0.7377682182314417 0.3870616451099006 0.7481075144463677 0.3751316879388322 0.7693531307598256 0.3669481912847596 0.7590138345448997
0 0.4663589035970828 0.5794451299298217 0.4861383277225749 0.5764682868793162 0.4884696016771488 0.6113207547169811 0.46869017755165676 0.6142975977674866
0 0.7687242798353909 0.7388888888888888 0.7777777777777777 0.7388888888888888 0.7777777777777777 0.7623456790123456 0.7687242798353909 0.7623456790123456
0 0.7998477247845311 0.21485407510308815 0.8262113161499621 0.19325033169684935 0.8423894618970998 0.23767117742216434 0.8160258705316689 0.25927492082840314
0 0.6762812630656628 0.6182049126272989 0.6859184294033337 0.6137332252896602 0.6898500578837697 0.6327980543489653 0.6802128915460989 0.6372697416866039
0 0.5926734064729094 0.8908398854614648 0.5988318805914383 0.8857933008445784 0.6033878250372382 0.8983027013978402 0.5972293509187095 0.9033492860147265
0 0.803483325285733 0.3254393041769798 0.8145966111139203 0.318391371347895 0.8212142959291975 0.3418698160886641 0.8101010101010101 0.3489177489177489
0 0.11176317855888014 0.8257965289440349 0.12176221003562177 0.8412396114564555 0.13869978440408284 0.8165645821670764 0.1287007529273412 0.8011214996546558
0 0.3628257060885241 0.8329549951732084 0.3900497776952253 0.8412328839563358 0.3769891087262907 0.9378783381601249 0.3497650371195895 0.9296004493769974
0 0.4511720278855445 0.17301074187072846 0.4726215631501679 0.1398828390618268 0.49952241655889995 0.17907259146260487 0.47807288129427666 0.21220049427150653
0 0.4801341178587245 0.6627048312999541 0.5395358776168817 0.6250328394896606 0.5611702299673624 0.7017879223232343 0.5017684702092052 0.7394599141335277
0 0.5045893719806763 0.7565217391304346 0.5842995169082126 0.7565217391304346 0.5842995169082126 0.8858695652173914 0.5045893719806763 0.8858695652173914
