0 0.5233333333333333 0.19916666666666666 0.6322222222222222 0.19916666666666666 0.6322222222222222 0.3625 0.5233333333333333 0.3625
0 0.6145629723078561 0.11966598704671205 0.6422222222222222 0.1325 0.6261530976583165 0.2104206668351254 0.5984938477439503 0.1975866538818374
0 0.3289195467036132 0.2602220694375442 0.4011005258819923 0.2267297793492591 0.4244137866297202 0.33977793056245575 0.35223280745134106 0.373270220650741
0 0.12783500836765604 0.2799850496243232 0.17029440788434966 0.2602837025135672 0.17883165829901063 0.3016816170423435 0.136372258782317 0.32138296415309947
0 0.23216374269005846 0.37894736842105264 0.25321637426900584 0.37894736842105264 0.25321637426900584 0.4008771929824561 0.23216374269005846 0.4008771929824561
0 0.24343737398941417 0.4579879535802352 0.2698303498409588 0.44124979676170556 0.28463280144918235 0.49376643238467705 0.2582398255976377 0.5105045892032067
0 0.22027667825887332 0.5261773405559613 0.2346051369992423 0.5218205569858941 0.23878764922650675 0.5527700278650912 0.2244591904861378 0.5571268114351584
0 0.3807623812763487 0.5185087481932235 0.3973833934151768 0.5134548792519456 0.3999393731096162 0.5323684447892327 0.3833183609707881 0.5374223137305105
0 0.36725146198830405 0.5570175438596491 0.391812865497076 0.5570175438596491 0.391812865497076 0.5771929824561404 0.36725146198830405 0.5771929824561404
0 0.5941520467836257 0.5745614035087719 0.6286549707602338 0.5745614035087719 0.6286549707602338 0.6491228070175439 0.5941520467836257 0.6491228070175439
0 0.5140350877192983 0.624561403508772 0.5263157894736842 0.624561403508772 0.5263157894736842 0.656140350877193 0.5140350877192983 0.656140350877193
0 0.1 0.6649122807017543 0.14269005847953214 0.6649122807017543 0.14269005847953214 0.7456140350877193 0.1 0.7456140350877193
0 0.12433755436508674 0.7526741591917852 0.15070191844736577 0.7606906409607086 0.14349870294485476 0.8139925074748814 0.11713433886257577 0.8059760257059579
0 0.09608526658882578 0.7627496651309025 0.1226937049508375 0.770840361358693 0.11578947368421054 0.8219298245614035 0.08918103532219886 0.8138391283336129
0 0.28654970760233917 0.8587719298245614 0.3046783625730994 0.8587719298245614 0.3046783625730994 0.8964912280701754 0.28654970760233917 0.8964912280701754
0 0.37350514396278284 0.7020407689341619 0.3902654332456882 0.7098176164778812 0.3843895928793224 0.7383101082588205 0.367629303596417 0.7305332607151012
0 0.45906432748538006 0.7815789473684212 0.5017543859649123 0.7815789473684212 0.5017543859649123 0.8692982456140351 0.45906432748538006 0.8692982456140351
0 0.5109121535674701 0.7858175575854968 0.5254589980890787 0.7880068868979271 0.5235907704091382 0.8159368283794156 0.5090439258875296 0.8137474990669853
0 0.35729847494553374 0.6042483660130719 0.36666666666666664 0.6042483660130719 0.36666666666666664 0.6222222222222222 0.35729847494553374 0.6222222222222222
0 0.336586738477107 0.7119688934314736 0.34678531973356774 0.7072367071156547 0.35077709594555095 0.7265931980717943 0.34057851468909023 0.7313253843876132
0 0.2954059829059829 0.9282051282051281 0.3020299145299145 0.9282051282051281 0.3020299145299145 0.9431089743589743 0.2954059829059829 0.9431089743589743
0 0.4446987395194347 0.9359644044147293 0.45923135673022614 0.9240555969654262 0.468655961335266 0.9499330314827065 0.4541233441244746 0.9618418389320095
0 0.7262002202365317 0.5198598041390872 0.7625421588354353 0.4825655173160817 0.7943759114507108 0.5523624180831348 0.7580339728518074 0.5896567049061402
0 0.8174616244862091 0.5303342334843804 0.846947318595024 0.5166527424352443 0.8636083343615275 0.5974435442933974 0.8341226402527125 0.6111250353425334
0 0.7753086419753086 0.6234567901234568 0.8362139917695472 0.6234567901234568 0.8362139917695472 0.7382716049382716 0.7753086419753086 0.7382716049382716
0 0.7666666666666667 0.7376543209876542 0.7802469135802469 0.7376543209876542 0.7802469135802469 0.7629629629629628 0.7666666666666667 0.7629629629629628
0 0.6811712812647084 0.7466588545968984 0.6940775078041814 0.742734522136749 0.697429541780559 0.767538676267299 0.684523315241086 0.7714630087274484
0 0.6368822119305666 0.8897888394901216 0.6525799906291792 0.8798334679155831 0.6568500420730982 0.8949829000303995 0.6411522633744856 0.9049382716049382
0 0.6348328708835329 0.8874687300755507 0.6462173996891639 0.8259563714559632 0.6950617283950616 0.8462962962962962 0.6836771995894306 0.9078086549158837
0 0.7294043070301452 0.9053140908224063 0.7399336917155026 0.896685747217206 0.7485596707818929 0.9203703703703703 0.7380302860965358 0.9289987139755711
