0 0.4480069245128111 0.4573137085866726 0.5219177310789074 0.4230187710235048 0.5495239396847199 0.556883822277525 0.4756131331186235 0.5911787598406928
0 0.4080610021786492 0.5738562091503268 0.43202614379084964 0.5738562091503268 0.43202614379084964 0.6320261437908496 0.4080610021786492 0.6320261437908496
0 0.4383442265795207 0.6130718954248366 0.4496732026143791 0.6130718954248366 0.4496732026143791 0.634313725490196 0.4383442265795207 0.634313725490196
0 0.36943529314770096 0.5660641851666228 0.38630354143734325 0.560935140351979 0.3876453168740855 0.5708639194085406 0.37077706858444326 0.5759929642231844
0 0.5109521810083821 0.6277765638662454 0.523977030953549 0.6238161621739255 0.5280456403423803 0.6539227825389833 0.5150207903972135 0.6578831842313032
0 0.6960784313725491 0.5859477124183006 0.7061002178649237 0.5859477124183006 0.7061002178649237 0.6107843137254901 0.6960784313725491 0.6107843137254901
0 0.7359746152768117 0.5194910994250723 0.7760870740286818 0.5008787430956861 0.7917464456799747 0.5768124802719209 0.7516339869281046 0.5954248366013072
0 0.7569059291709651 0.4779383793134647 0.7780446200655802 0.48436591648624616 0.7722879706111698 0.526963581470849 0.7511492797165548 0.5205360442980675
0 0.6751633986928104 0.4656862745098039 0.685838779956427 0.4656862745098039 0.685838779956427 0.4866013071895425 0.6751633986928104 0.4866013071895425
0 0.7501089324618736 0.8418300653594771 0.7775489933332511 0.8071613987127358 0.8078431372549019 0.8611111111111112 0.7804030763835244 0.8957797777578522
0 0.7578572375740533 0.9045060556800603 0.7681682853179395 0.901370826398618 0.7713132263931237 0.9246425484963354 0.7610021786492375 0.9277777777777778
0 0.7337029539486492 0.9135379194664811 0.7345351563212104 0.8959350667617035 0.753007285702767 0.8978999890302508 0.7521750833302057 0.9155028417350285
0 0.6365406073174711 0.8965363194054301 0.6536227169942508 0.8790065694144076 0.6586663643600887 0.8900649877841122 0.641584254683309 0.9075947377751348
0 0.4854030501089325 0.8709150326797385 0.5172113289760348 0.8709150326797385 0.5172113289760348 0.9336601307189543 0.4854030501089325 0.9336601307189543
0 0.5349522357536955 0.82219007014315 0.5444822548365307 0.812410314885001 0.552847328516457 0.8307511063274381 0.5433173094336219 0.8405308615855873
0 0.5517564541757923 0.769851686502678 0.5544955489351289 0.7550519365959435 0.5700300381989354 0.7615208625169301 0.5672909434395986 0.7763206124236642
0 0.4626291841792248 0.6940383360394797 0.4702769624963522 0.7003053365441096 0.4628610118992066 0.7206675463134617 0.45521323358207916 0.7144005458088315
0 0.2890021512564066 0.8544263120159944 0.2979519266447293 0.8585790469462028 0.29247933022507483 0.8851161716441363 0.2835295548367522 0.8809634367139278
0 0.34427356628263445 0.8710297113122223 0.35536284484246916 0.8619425605805086 0.36465889559100384 0.8874670207139216 0.35356961703116907 0.8965541714456352
0 0.11430269206865405 0.7715031943060124 0.1351908156558743 0.7500676930012008 0.15174669064739535 0.786367176064358 0.1308585670601751 0.8078026773691697
0 0.09422958964838149 0.6478727100298807 0.12115117157056378 0.6560586222709734 0.11348645973433455 0.7127754381182676 0.08656487781215227 0.7045895258771747
0 0.8245059372975878 0.7261244439963407 0.8484508594585475 0.7015520400615568 0.8582101120851282 0.7229496300777335 0.8342651899241686 0.7475220340125173
0 0.7552517682845431 0.7485151177547736 0.7679884290084578 0.7354446901298887 0.779316132950025 0.7602811785415228 0.7665794722261101 0.7733516061664075
0 0.7333333333333333 0.6791666666666667 0.745679012345679 0.6791666666666667 0.745679012345679 0.7074074074074074 0.7333333333333333 0.7074074074074074
0 0.7058309920007207 0.4833925291083926 0.7194430278040712 0.47925358471682883 0.7234899956536002 0.5092000634842 0.7098779598502498 0.5133390078757638
0 0.4992795074744483 0.25800471703783256 0.5074467289564587 0.2604880836727709 0.5063871591922183 0.26832861629550075 0.498219937710208 0.2658452496605625
0 0.2915110385396219 0.4280198452376934 0.30493827160493825 0.44179894179894175 0.2926032556628649 0.4688440060134504 0.2791760225975486 0.4550649094522021
0 0.30652557319223983 0.4338624338624339 0.31834215167548496 0.4338624338624339 0.31834215167548496 0.4568783068783069 0.30652557319223983 0.4568783068783069
0 0.22540054608896376 0.534836062703856 0.23368111968031519 0.528050515748421 0.24114109368591405 0.5485336019807352 0.23286052009456262 0.5553191489361702
