0 0.37444444444444447 0.10083333333333333 0.4551511239294916 0.22548139684729862 0.365403823066529 0.3562272302979189 0.28469714358148185 0.2315791667839536
0 0.11251015203394167 0.2697340888524591 0.15017205627456734 0.21156686574532912 0.17083333333333334 0.24166666666666667 0.13317142909270765 0.29983388977379655
0 0.228679096633085 0.3934971215037251 0.2456755896838514 0.37202319859580196 0.25372831077432245 0.3863639896073861 0.23673181772355606 0.4078379125153092
0 0.2452663700732735 0.4601577147857934 0.2691457291770521 0.4450136681404571 0.2815854817785784 0.489147840769762 0.2577061226747999 0.5042918874150984
0 0.23241516011240648 0.5924429363073025 0.26273480394510723 0.5456155248180281 0.28332558062833435 0.5756126192482532 0.2530059367956335 0.6224400307375277
0 0.2243964484626539 0.5317298831510869 0.23462136975769918 0.5269854749421427 0.23939158796171195 0.5501167029021669 0.22916666666666666 0.5548611111111111
0 0.27870370370370373 0.5430555555555556 0.3407407407407408 0.5430555555555556 0.3407407407407408 0.6423611111111112 0.27870370370370373 0.6423611111111112
0 0.12027825989193333 0.7695511664589826 0.13597883597883598 0.7534391534391535 0.15081262459969033 0.7859628864995276 0.13511204851278769 0.8020748995193568
0 0.10370370370370371 0.7589947089947089 0.12486772486772488 0.7589947089947089 0.12486772486772488 0.8026455026455026 0.10370370370370371 0.8026455026455026
0 0.09081349939424321 0.7962521781833164 0.10304084020365054 0.7862324380907949 0.11394840536766156 0.8161816842505457 0.1017210645582542 0.8262014243430673
0 0.1472783844420417 0.9167202356248283 0.16612196033345875 0.9286706397803318 0.15430891714525988 0.9705813516767592 0.13546534125384282 0.9586309475212557
0 0.29824496069768286 0.8602701574953769 0.3099988455818459 0.8566962118620267 0.31374798462859577 0.8844388372136177 0.30199409974443275 0.8880127828469679
0 0.3219835140809945 0.794428055331433 0.3338164251207729 0.8019323671497584 0.33115658253736296 0.8113690461178422 0.3193236714975845 0.8038647342995169
0 0.3329157434818726 0.7390685057146935 0.35619354918183527 0.70965856781906 0.38254319371619494 0.7565836681983498 0.3592653880162323 0.7859936060939834
0 0.4457719431664755 0.9355185350407713 0.45834921337714263 0.9252120439934829 0.4680766880734598 0.9519210784857988 0.45549941786279285 0.9622275695330871
0 0.3702380952380952 0.5619047619047618 0.38888888888888884 0.5619047619047618 0.38888888888888884 0.575595238095238 0.3702380952380952 0.575595238095238
0 0.5011904761904762 0.46428571428571425 0.53026080549886 0.48810750420833776 0.506055798851128 0.5545679554173004 0.47698546954274407 0.5307461654946769
0 0.5105617051933748 0.6388944485891748 0.5188558326856029 0.6260845183945404 0.5330890884574186 0.6468198371251108 0.5247949609651906 0.6596297673197452
0 0.6062191500044035 0.70369989957638 0.6320927665035561 0.7302515396943609 0.6076697388844852 0.7838001004236197 0.5817961223853326 0.7572484603056389
0 0.5721768110001118 0.7334898159766428 0.5772757589153416 0.7270476391042658 0.5828231889998883 0.736926850690024 0.5777242410846585 0.7433690275624008
0 0.6421296296296297 0.7416666666666667 0.6611111111111111 0.7416666666666667 0.6611111111111111 0.7555555555555556 0.6421296296296297 0.7555555555555556
0 0.6374349540648554 0.8928583176679356 0.6509110853777086 0.8790290414701823 0.6560687239054457 0.8903373904689134 0.6425925925925927 0.9041666666666667
0 0.6327798142910375 0.8744574903086514 0.6550969374628881 0.8223222002787791 0.6953703703703704 0.8611111111111112 0.6730532471985199 0.9132464011409834
0 0.7931820504389068 0.9039858886649038 0.8234234234234235 0.9180180180180181 0.8115191486816532 0.9757429440012804 0.7812777756971364 0.9617108146481661
0 0.7298016195732139 0.9067682044696949 0.742978534916913 0.8959703319786093 0.7524806627090685 0.922060624359134 0.7393037473653694 0.9328584968502196
0 0.7581250571933643 0.7476542079948953 0.7638353515211971 0.7404396361528583 0.7714760600935986 0.7540466894192246 0.7657657657657657 0.7612612612612613
0 0.7900735916969788 0.7011805881031092 0.8180180180180181 0.7364864864864865 0.7923870614743033 0.7821317021956657 0.7644426351532637 0.7468258038122886
0 0.7267533258049076 0.5115593401535791 0.771371159759603 0.4749970894822486 0.8022029031513213 0.5596527810585421 0.7575850691966257 0.5962150317298727
0 0.8581273963608345 0.2228312405193567 0.8690926765727427 0.1805246955931633 0.9096184788651069 0.20415810153845307 0.8986531986531986 0.24646464646464647
