0 0.7287733391974647 0.5015093655362578 0.7733333333333333 0.48083333333333333 0.789004438580313 0.5568239677970755 0.7444444444444445 0.5775
0 0.55 0.3075 0.6 0.3075 0.6 0.4008333333333333 0.55 0.4008333333333333
0 0.07592592592592592 0.3694444444444445 0.09722222222222222 0.3694444444444445 0.09722222222222222 0.4270833333333333 0.07592592592592592 0.4270833333333333
0 0.22268518518518518 0.5583333333333333 0.26018518518518524 0.5583333333333333 0.26018518518518524 0.6208333333333333 0.22268518518518518 0.6208333333333333
0 0.3577590866106252 0.482398411609949 0.37609502306531234 0.49402687599833234 0.3714075800560415 0.5106571439456066 0.35307164360135446 0.4990286795572233
0 0.39444444444444443 0.5166666666666667 0.4101851851851852 0.5166666666666667 0.4101851851851852 0.5291666666666667 0.39444444444444443 0.5291666666666667
0 0.4109803921568628 0.4370588235294118 0.41843137254901963 0.4370588235294118 0.41843137254901963 0.4549019607843137 0.4109803921568628 0.4549019607843137
0 0.32598729970581636 0.6688602792965737 0.35058823529411764 0.6890196078431372 0.33547053982574865 0.7305287417462933 0.3108696042374473 0.7103694131997298
0 0.2738562091503268 0.6956862745098039 0.32287581699346407 0.6956862745098039 0.32287581699346407 0.7725490196078431 0.2738562091503268 0.7725490196078431
0 0.0954449882943899 0.7610557248585178 0.12433862433862433 0.7698412698412699 0.11576178971024496 0.8333075501874083 0.08686815366601051 0.8245220052046561
0 0.13981581128253992 0.8186740347816733 0.11702741702741704 0.8 0.127139455672727 0.7722350561274175 0.1499278499278499 0.7909090909090909
0 0.44017291235913547 0.8381605843707851 0.4878306878306879 0.807936507936508 0.4991854665602314 0.8482213737750571 0.451527691088679 0.8784454502093346
0 0.4366101784963084 0.8532925713541285 0.44505276503330327 0.8619563976654808 0.43499475977529656 0.8840090159474587 0.42655217323830164 0.8753451896361065
0 0.2828844569082469 0.991024708893039 0.2540083068102836 0.9998049370106069 0.24855072463768116 0.9594202898550726 0.27742687473564454 0.9506400617375048
0 0.2746976271414035 0.9355858011850361 0.2868583692934543 0.9231063842005808 0.30090623759289603 0.9539069524381523 0.2887454954408452 0.9663863694226076
0 0.36016548463356973 0.9721631205673759 0.3788416075650118 0.9721631205673759 0.3788416075650118 0.9996453900709219 0.36016548463356973 0.9996453900709219
0 0.6374074074074074 0.8794444444444445 0.6533333333333333 0.8794444444444445 0.6533333333333333 0.8955555555555557 0.6374074074074074 0.8955555555555557
0 0.5851532129791681 0.8693192672191383 0.6039155665607083 0.8574203734263739 0.6078097499837949 0.8712362883364173 0.5890473964022547 0.8831351821291819
0 0.6311266346058968 0.8864466076174183 0.642226970201452 0.8264697885843953 0.6936794267011644 0.8478957990503408 0.6825790911056091 0.9078726180833638
0 0.6047267713987675 0.7587338356267412 0.6308693990809515 0.7093180649736469 0.6487352202747767 0.7305842293469053 0.6225925925925927 0.78
0 0.42401936259797723 0.9139996240204141 0.45301572722399397 0.9323888235183226 0.43931397073535616 0.9810003759795859 0.41031760610933954 0.9626111764816773
0 0.45496162202633905 0.9529939856440328 0.46633769227306626 0.9436718223933956 0.47503837797366105 0.9675615699115226 0.46366230772693384 0.9768837331621598
0 0.5109424124851216 0.6367545228452939 0.5166785496687866 0.6259118622318061 0.5314304688708108 0.6434714658552713 0.5256943316871457 0.654314126468759
0 0.8102145564079406 0.655933965405721 0.8266666666666667 0.6175 0.8724191884480266 0.6615660345942789 0.8559670781893004 0.7
0 0.6925925925925925 0.7450617283950617 0.7152263374485596 0.7450617283950617 0.7152263374485596 0.7629629629629628 0.6925925925925925 0.7629629629629628
0 0.768312757201646 0.7401234567901235 0.7781893004115226 0.7401234567901235 0.7781893004115226 0.7679012345679012 0.768312757201646 0.7679012345679012
0 0.8947081098613396 0.4870211864217925 0.9060792332440913 0.49423263720528604 0.8987075279987425 0.5203862209856149 0.8873364046159907 0.5131747702021213
0 0.7067253344870681 0.887944312137314 0.7168404531865664 0.894359217526633 0.7084175084175084 0.9242424242424242 0.69830238971801 0.917827518853105
0 0.7519997412313498 0.8479930837082171 0.8183934770770258 0.8681810985344628 0.8001888109572023 1.0028907546756214 0.7337950751115263 0.9827027398493757
0 0.2259166426562014 0.5319298956610029 0.23430799220272902 0.5266081871345029 0.2405550922365861 0.5487718587249617 0.23216374269005846 0.5540935672514619
0 0.900049941378318 0.3430744250792048 0.9125854347958017 0.35102430749487834 0.9047281323877068 0.37890070921985813 0.8921926389702232 0.3709508268041847
