0 0.3871159543705561 0.4763721250807625 0.4462052063384903 0.4388983225322329 0.47160493827160493 0.5290123456790123 0.4125156863036707 0.5664861482275418
0 0.07592592592592592 0.3694444444444445 0.09722222222222222 0.3694444444444445 0.09722222222222222 0.4270833333333333 0.07592592592592592 0.4270833333333333
0 0.6784722222222223 0.546875 0.6972222222222222 0.546875 0.6972222222222222 0.5885416666666666 0.6784722222222223 0.5885416666666666
0 0.38818956790077586 0.4471496481205937 0.3814814814814814 0.4691358024691358 0.3697135500999066 0.461057278425179 0.3764216365192009 0.4390711240766369
0 0.39444444444444443 0.5166666666666667 0.4101851851851852 0.5166666666666667 0.4101851851851852 0.5291666666666667 0.39444444444444443 0.5291666666666667
0 0.5412176375742174 0.502550000161799 0.5328251268283967 0.49567272588707495 0.5242798353909465 0.5191358024691358 0.5326723461367673 0.5260130767438599
0 0.35884651639898263 0.5544055266351118 0.37983539094650204 0.571604938271605 0.3712071197764013 0.5952958549263172 0.3502182452288819 0.578096443289824
0 0.2878787878787879 0.6098484848484849 0.31257989206951886 0.6255136738692636 0.29818798433812266 0.6765737681194122 0.27348688014739175 0.6609085790986334
0 0.0954449882943899 0.7610557248585178 0.12433862433862433 0.7698412698412699 0.11576178971024496 0.8333075501874083 0.08686815366601051 0.8245220052046561
0 0.14082591229264094 0.8171588832665215 0.11803751803751804 0.7984848484848482 0.12814955668282801 0.7707199046122658 0.15093795093795093 0.7893939393939392
0 0.39591251187496823 0.44631854567841833 0.4156712150755737 0.37008497494559467 0.4526805139001939 0.3916676638350776 0.43292181069958846 0.4679012345679012
0 0.42472139007590104 0.8851721495890005 0.430248291970143 0.8722606900337472 0.44523745766072453 0.8866973389471547 0.43971055576648255 0.8996087985024082
0 0.2828844569082469 0.991024708893039 0.2540083068102836 0.9998049370106069 0.24855072463768116 0.9594202898550726 0.27742687473564454 0.9506400617375048
0 0.2746976271414035 0.9355858011850361 0.2868583692934543 0.9231063842005808 0.30090623759289603 0.9539069524381523 0.2887454954408452 0.9663863694226076
0 0.3786840031520882 0.6024100341476227 0.39736012608353033 0.6024100341476227 0.39736012608353033 0.6298923036511688 0.3786840031520882 0.6298923036511688
0 0.6374074074074074 0.8794444444444445 0.6533333333333333 0.8794444444444445 0.6533333333333333 0.8955555555555557 0.6374074074074074 0.8955555555555557
0 0.5472931306746414 0.8952451931450643 0.5660554842561816 0.8833462993522999 0.5699496676792681 0.8971622142623432 0.5511873140977279 0.9090611080551079
0 0.3520029016926275 0.6417774017981919 0.3809992663186442 0.6601666012961004 0.3672975098300064 0.7087781537573637 0.33830114520398974 0.6903889542594549
0 0.5035239084472477 0.48184843743655137 0.5142227034553363 0.470869278231648 0.5244699187132461 0.4933367477486339 0.5137711237051575 0.5043159069535372
0 0.5109424124851216 0.6367545228452939 0.5166785496687866 0.6259118622318061 0.5314304688708108 0.6434714658552713 0.5256943316871457 0.654314126468759
0 0.7385467820509506 0.412681689366659 0.7738738738738739 0.42342342342342343 0.7627942480470616 0.505409688674249 0.7274671562241382 0.49466795461748453
0 0.6902534113060428 0.7514944769330734 0.7128871561620099 0.7514944769330734 0.7128871561620099 0.7693957115009745 0.6902534113060428 0.7693957115009745
0 0.768312757201646 0.7401234567901235 0.7769980506822611 0.7401234567901235 0.7769980506822611 0.761111111111111 0.768312757201646 0.761111111111111
0 0.8947081098613396 0.4870211864217925 0.9060792332440913 0.49423263720528604 0.8987075279987425 0.5203862209856149 0.8873364046159907 0.5131747702021213
0 0.7067253344870681 0.887944312137314 0.7168404531865664 0.894359217526633 0.7084175084175084 0.9242424242424242 0.69830238971801 0.917827518853105
0 0.43827160493827166 0.5601851851851852 0.5679012345679012 0.5601851851851852 0.5679012345679012 0.7698861803956929 0.43827160493827166 0.7698861803956929
0 0.2259166426562014 0.5319298956610029 0.23430799220272902 0.5266081871345029 0.2405550922365861 0.5487718587249617 0.23216374269005846 0.5540935672514619
0 0.900049941378318 0.3430744250792048 0.9125854347958017 0.35102430749487834 0.9047281323877068 0.37890070921985813 0.8921926389702232 0.3709508268041847
0 0.8711903318474161 0.7563095568356427 0.8914827814767132 0.7396808331993707 0.9068877462306616 0.7819787314526455 0.8865952966013649 0.7986074550889175
0 0.7287622170126373 0.5142171204654078 0.7726372579495574 0.48639201579542435 0.793993993993994 0.5621621621621622 0.7501189530570739 0.5899872668321458
0 0.5497076023391813 0.1956140350877193 0.6087719298245614 0.1956140350877193 0.6087719298245614 0.2394736842105263 0.5497076023391813 0.2394736842105263
0 0.4954892181909356 0.16408556718408096 0.5385964912280702 0.17719298245614035 0.5293226333912207 0.245817047961172 0.4862153603540859 0.23270963268911254
0 0.6436762952377054 0.8198878324391958 0.700836991071489 0.8561385643045132 0.6834239757650047 0.9179170456095848 0.6262632799312211 0.8816663137442671
