0 0.2969213372084187 0.40200200616065773 0.342876093479219 0.3548429957358193 0.38222222222222224 0.4411111111111112 0.3362674659514219 0.4882701215359496
0 0.37 0.5583333333333333 0.3811111111111111 0.5583333333333333 0.3811111111111111 0.5822222222222222 0.37 0.5822222222222222
0 0.3826230168189373 0.691838430743569 0.3934481109080791 0.6868155397327594 0.3997139829780307 0.7171993312114125 0.3888888888888889 0.7222222222222223
0 0.29648612890252796 0.6906848901349388 0.3488888888888889 0.715 0.32699538566089575 0.8211636160761421 0.2745926256745348 0.7968485062110809
0 0.5035217377163341 0.7431479205749688 0.5131275049131941 0.7386908025760192 0.5174074074074074 0.7594444444444445 0.5078016402105474 0.7639015624433941
0 0.3473333333333333 0.9561111111111111 0.37444444444444447 0.9561111111111111 0.37444444444444447 0.9998333333333334 0.3473333333333333 0.9998333333333334
0 0.5097737662133508 0.8785608268194129 0.5205102922719188 0.8371368674430922 0.5650410486014642 0.8631058398472539 0.554304522542896 0.9045297992235749
0 0.07098765432098765 0.3101851851851852 0.12592592592592594 0.3101851851851852 0.12592592592592594 0.3564814814814815 0.07098765432098765 0.3564814814814815
0 0.1189814814814815 0.6798611111111111 0.1287037037037037 0.6798611111111111 0.1287037037037037 0.7037037037037037 0.1189814814814815 0.7037037037037037
0 0.2529157544027701 0.21277825183127053 0.28319783197831977 0.2268292682926829 0.27155337845988514 0.2832942972044078 0.24127130088433543 0.26924328074299547
0 0.24012206891748372 0.2698732662607595 0.24758189326325697 0.2721415381477898 0.24570470273605957 0.2860322455502641 0.23824487839028627 0.2837639736632338
0 0.5446876048769708 0.43303727131217873 0.5790479803160647 0.4611940092936953 0.5526668924775264 0.533629395354488 0.5183065170384326 0.5054726573729714
0 0.6012170769216703 0.5474761147031882 0.6097673359095463 0.5387017943614976 0.6217777722153894 0.5650352034678332 0.6132275132275132 0.5738095238095239
0 0.701196249172876 0.5288577239665312 0.7309133306337142 0.5045059505771112 0.751713803737177 0.5616184665096592 0.7219967222763389 0.5859702398990791
0 0.7306878306878307 0.6555555555555556 0.7698412698412699 0.6555555555555556 0.7698412698412699 0.7341269841269841 0.7306878306878307 0.7341269841269841
0 0.8063492063492064 0.8753968253968254 0.8228342869398156 0.9065575400566789 0.791005291005291 0.9444444444444445 0.774520210414682 0.9132837297845909
0 0.9004613198422153 0.6889726601764778 0.9229476210433673 0.6542435160932468 0.9635598441789488 0.7134082922044744 0.941073542977797 0.7481374362877051
0 0.8788359788359789 0.9055555555555557 0.9375661375661376 0.9055555555555557 0.9375661375661376 0.9976190476190477 0.8788359788359789 0.9976190476190477
0 0.8508466283396642 0.5759236649689244 0.8650871925071745 0.549005619031563 0.8925925925925927 0.5817460317460318 0.8783520284250822 0.6086640776833934
