0 0.042942942942942944 0.8518018018018018 0.11021021021021021 0.8518018018018018 0.11021021021021021 0.9972972972972973 0.042942942942942944 0.9972972972972973
0 0.15165165165165165 0.9274774774774776 0.2075075075075075 0.9274774774774776 0.2075075075075075 0.9824324324324325 0.15165165165165165 0.9824324324324325
0 0.1532158829452704 0.8439262799989068 0.1659369947983458 0.8064353889525019 0.19346405228758168 0.8274509803921568 0.18074294043450623 0.8649418714385618
0 0.36378954700168664 0.7717397611659899 0.3864536859328947 0.7822560207724069 0.3668410836289439 0.8773593379331092 0.3441769446977359 0.8668430783266922
0 0.4005209314817431 0.8145696394577393 0.43077894331690647 0.823770043438031 0.42072072072072075 0.8981981981981982 0.39046270888555734 0.8889977942179066
0 0.44253231197534854 0.8942883712939592 0.46720466574856234 0.8828402912160875 0.4775878081447716 0.9331891061835182 0.45291545437155767 0.9446371862613899
0 0.43267973856209146 0.9745098039215686 0.45189452976409616 0.9296219075531194 0.4771241830065359 0.9539215686274509 0.4579093918045313 0.9988094649959003
0 0.6817530612901851 0.8932144402450835 0.7294319758878671 0.8787169485384166 0.7404691609320372 0.9603891633585202 0.692790246334355 0.9748866550651869
0 0.5981471434150628 0.7227174715502488 0.6355853645944539 0.6754168035233372 0.6700210247531052 0.7367419879092106 0.6325828035737142 0.7840426559361222
0 0.9318038517933429 0.7546545467350909 0.94060120017827 0.7071211215056278 0.9756338158567376 0.7217095248830341 0.9668364674718105 0.7692429501124972
0 0.47450980392156855 0.8029411764705882 0.48369331069421173 0.7675091187074953 0.5209150326797385 0.7892156862745098 0.5117315259070953 0.8246477440376027
0 0.8937625413147713 0.23579634697911744 0.9203156510517913 0.21895663487928382 0.934465686913457 0.2691586079758375 0.9079125771764369 0.28599832007567105
0 0.7858858858858859 0.12432432432432432 0.8654654654654654 0.12432432432432432 0.8654654654654654 0.18513513513513513 0.7858858858858859 0.18513513513513513
0 0.5644729532218086 0.2650158889138478 0.5796118584103845 0.22964971708858847 0.6084739066815732 0.25744787920209417 0.5933350014929972 0.29281405102735353
0 0.43863642064572045 0.20986009785828963 0.46612211038496765 0.17513378221371786 0.4825581535073632 0.204404119138037 0.45507246376811594 0.23913043478260868
0 0.3533680202983653 0.42816598610975387 0.37420035335392793 0.4218316016496214 0.37899912946008885 0.4573412602670577 0.3581667964045262 0.46367564472719014
0 0.10889457232168229 0.24019607843137253 0.16013071895424835 0.24019607843137253 0.16013071895424835 0.2796675191815856 0.10889457232168229 0.2796675191815856
0 0.1799444515602522 0.40940243317997116 0.21773786861426092 0.3979107758104529 0.22724509092340792 0.46826167594193846 0.18945167386939923 0.4797533333114568
0 0.5895424836601306 0.41470588235294115 0.6143790849673202 0.41470588235294115 0.6143790849673202 0.5 0.5895424836601306 0.5
0 0.6638480077385005 0.37819969144049786 0.7006535947712418 0.3480392156862745 0.7245679240861506 0.41370154496216743 0.687762337053409 0.44386202071639064
0 0.543793030009581 0.7254111521158028 0.5702810585952849 0.74220959041147 0.5542461856766934 0.7990986518057657 0.5277581570909895 0.7823002135100986
0 0.47555555555555556 0.8552777777777778 0.48388888888888887 0.8552777777777778 0.48388888888888887 0.881388888888889 0.47555555555555556 0.881388888888889
