0 0.8810715332624193 0.42166353134786444 0.9140988456302364 0.4007179457944745 0.9337840588948384 0.47055780742950665 0.9007567465270215 0.49150339298289636
0 0.7761796252855704 0.1889800919571602 0.7972408353632954 0.17920759835063443 0.8072999887822792 0.22798536089064553 0.7862387787045543 0.2377578544971713
0 0.4888888888888889 0.7431818181818182 0.4618178743669595 0.7239859934132696 0.4722222222222222 0.6909722222222223 0.4992932367441516 0.7101680469907712
0 0.44146350325625844 0.888466863199443 0.4696373013796923 0.8799001957724201 0.4764743727451902 0.9304926936845836 0.4483005746217565 0.9390593611116066
0 0.47319912173762746 0.8746954649523586 0.4809968241568043 0.8710772969194784 0.48452221865037975 0.8881722599153663 0.4767245162312029 0.8917904279482464
0 0.22219559014140042 0.23261502531957487 0.23777633450496524 0.29272908065259323 0.21417125289210934 0.3064948408491146 0.19859050852854448 0.24638078551609602
0 0.3154934131981581 0.5900511226232742 0.33458850373097654 0.5958572723431975 0.32913657311298933 0.6362000995074253 0.31004148258017084 0.630393949787502
0 0.9240900762101258 0.21395720671208399 0.9270218649917679 0.27597078392159496 0.9006331087324014 0.27877781573380594 0.8977013199507593 0.21676423852429405
0 0.5621109522380118 0.5860616178219209 0.5651347846036889 0.5597638751749574 0.5759329921744961 0.5625575344049549 0.572909159808819 0.5888552770519184
0 0.5752150764921191 0.5806244686640076 0.5960161402179459 0.5543437272477038 0.6246239282782542 0.6052902713124223 0.6038228645524274 0.6315710127287262
0 0.3543508267390256 0.25091084664231145 0.3341384764126808 0.19907082064809775 0.35979849457258545 0.17656001264630253 0.3800108448989302 0.22840003864051642
0 0.9603603603603603 0.5739130434782608 0.969806763285024 0.5739130434782608 0.969806763285024 0.5977477477477477 0.9603603603603603 0.5977477477477477
0 0.263948117030154 0.8967316922986306 0.2742726177582761 0.9051921429798812 0.26445431696768895 0.9321505615477552 0.2541298162395668 0.9236901108665048
0 0.13588581810319741 0.8300612705237842 0.18871214071158596 0.8300612705237843 0.1887121407115859 0.8857662666845507 0.1358858181031974 0.8857662666845507
0 0.14338042011804567 0.6641189171984404 0.16437974587244103 0.6469109412814401 0.18194444444444444 0.695138888888889 0.1609451186900491 0.7123468648058894
0 0.1785627246532764 0.4471079847955615 0.23954686910425096 0.4084324607089308 0.2645021645021645 0.4969696969696969 0.2035180200511899 0.5356452210563276
0 0.4035451792784735 0.722236747422015 0.4862794286755819 0.7097850767467728 0.49259259259259264 0.8041666666666667 0.4098583431954842 0.8166183373419088
0 0.869471102022736 0.7575501133781417 0.8738844044514408 0.7959318348024743 0.8903703703703705 0.7916666666666666 0.8859570679416657 0.7532849452423345
0 0.879256789210294 0.6783497675038976 0.8822814421365226 0.6520448885849472 0.8937037037037038 0.655 0.8906790507774753 0.6813048789189503
0 0.9644403039670738 0.899430734270756 0.9980708423322331 0.9150354511861025 0.9844444444444445 0.9811111111111112 0.9508139060792851 0.9655063941957648
0 0.7203703703703704 0.22111111111111112 0.752962962962963 0.22111111111111112 0.752962962962963 0.2461111111111111 0.7203703703703704 0.2461111111111111
0 0.43788414016535254 0.17726026576959922 0.4704363464614843 0.1923646318878455 0.4524862302050178 0.2794064008970674 0.41993402390888607 0.2643020347788212
0 0.6990740740740741 0.9333333333333333 0.7430555555555556 0.9333333333333333 0.7430555555555556 0.9993055555555557 0.6990740740740741 0.9993055555555557
