0 0.9094977868900149 0.415605954489873 0.9403016649707535 0.4013128203114814 0.9515043917592225 0.4556358755754864 0.920700513678484 0.4699290097538781
0 0.8557191136204243 0.4692052791046328 0.8881880661920135 0.48427101513050497 0.8771784898654146 0.5376574659934065 0.8447095372938253 0.5225917299675342
0 0.89166383788618 0.22316315837032108 0.9221975025117352 0.21387893800963684 0.9294690597173059 0.2676865148322933 0.8989353950917509 0.27697073519297755
0 0.7901960784313726 0.12091503267973856 0.8642701525054466 0.12091503267973856 0.8642701525054466 0.1957516339869281 0.7901960784313726 0.1957516339869281
0 0.7762527233115468 0.18725490196078431 0.8002178649237472 0.18725490196078431 0.8002178649237472 0.23039215686274508 0.7762527233115468 0.23039215686274508
0 0.5686577743400101 0.2750287116383483 0.5728820545673438 0.2382908833288078 0.6025527061239607 0.24596712857948022 0.598328425896627 0.28270495688902075
0 0.12592162560034018 0.2283432731318209 0.17246944999454294 0.24249683983552134 0.16645310206850517 0.2870162039923621 0.1199052776743024 0.2728626372886616
0 0.4429281822467561 0.18570748121681752 0.4721807140908194 0.19460215387006047 0.4640434953131567 0.25481539460017594 0.43479096346909346 0.24592072194693299
0 0.4575490283109835 0.806182437092419 0.4692667357797511 0.7716487187273054 0.5001869252519056 0.7952548041012184 0.48846921778313784 0.8297885224663322
0 0.45315315315315313 0.9333333333333333 0.46955759253329155 0.9164990121330893 0.4886927111735031 0.9584536001779734 0.4722882717933648 0.9752879213782173
0 0.44894894894894893 0.8936936936936938 0.4711711711711712 0.8936936936936938 0.4711711711711712 0.9324324324324325 0.44894894894894893 0.9324324324324325
0 0.7918918918918919 0.9184684684684685 0.8330330330330331 0.9184684684684685 0.8330330330330331 0.9977477477477478 0.7918918918918919 0.9977477477477478
0 0.6234234234234234 0.8468468468468469 0.6876876876876877 0.8468468468468469 0.6876876876876877 0.9427927927927928 0.6234234234234234 0.9427927927927928
0 0.6341360566555191 0.8254498508287921 0.6224859821739516 0.7742984947375806 0.6571552346357725 0.7565321311531897 0.66880530911734 0.8076834872444014
0 0.22540641174716558 0.8118738048668442 0.2469229993400846 0.8018900141012585 0.25597496963421573 0.8457838527908134 0.2344583820412967 0.8557676435563991
0 0.17537537537537537 0.9166666666666666 0.22072072072072071 0.9166666666666666 0.22072072072072071 0.9752252252252253 0.17537537537537537 0.9752252252252253
0 0.12883126146551918 0.8434899615645499 0.16738643314636087 0.8317666812338504 0.17657414393988619 0.8997532816786933 0.13801897225904455 0.9114765620093928
