0 0.3148028435476508 0.21954472791859866 0.36258228412019317 0.20501666977603183 0.37380952380952376 0.28809523809523807 0.32603008323698146 0.3026232962378048
0 0.7996298811584986 0.8690261587987859 0.8089025670301638 0.8718456585222449 0.8048780487804877 0.9016260162601625 0.7956053629088226 0.8988065165367035
0 0.6513888888888889 0.7777777777777778 0.7010156110403631 0.854424157658553 0.6346556530134784 0.9510987978599477 0.585028930862004 0.8744524179791724
0 0.5984126984126984 0.8122882934526432 0.6103063628529001 0.8122882934526432 0.6103063628529001 0.8333333333333331 0.5984126984126984 0.8333333333333331
0 0.7726640556861271 0.9726048220899666 0.7833101907878671 0.9710025573783508 0.7852000414733626 0.9992557620714306 0.7745539063716226 1.0008580267830463
0 0.9474336524572896 0.8071483375918119 0.958048502336463 0.8022230008141229 0.9636774586538215 0.8295183290748546 0.9530626087746481 0.8344436658525436
0 0.8974525885869394 0.4468960274997305 0.9120321746183019 0.4128364876384586 0.9488966177622671 0.44834206773836466 0.9343170317309042 0.4824016075996369
0 0.8547928319565985 0.8236395739145415 0.8908110849048859 0.8069269469877706 0.9037037037037038 0.8694444444444445 0.8676854507554163 0.8861570713712157
0 0.896135138666896 0.22364108164620877 0.9193144910634586 0.21659305062514586 0.9271981946664374 0.2749303469252197 0.9040188422698746 0.28197837794628267
0 0.16197530864197526 0.91 0.22458553791887123 0.91 0.22458553791887123 0.9705820105820105 0.16197530864197526 0.9705820105820105
0 0.7776014109347443 0.18994708994708995 0.799647266313933 0.18994708994708995 0.799647266313933 0.241005291005291 0.7776014109347443 0.241005291005291
0 0.8181657848324515 0.2082010582010582 0.8125155485528207 0.20357095097940608 0.8171640839579103 0.1908073205049624 0.8228143202375413 0.19543742772661457
0 0.38615699935856873 0.7474033536337277 0.3803245325386067 0.6800680887264607 0.4072586385015133 0.6748188685884949 0.41309110532147525 0.7421541334957613
0 0.4426138977789198 0.8995381168104125 0.47007678447776075 0.8867952172481024 0.48024691358024696 0.9361111111111111 0.452784026881406 0.9488540106734212
0 0.4758377425044092 0.87010582010582 0.4830687830687831 0.87010582010582 0.48306878306878326 0.8923280423280423 0.4758377425044092 0.8923280423280423
0 0.45866504152061405 0.8725970437750029 0.46608414563007583 0.8632235059977347 0.4744919249696858 0.8781966070186479 0.4670728208602243 0.887570144795916
0 0.2300176366843034 0.19761904761904758 0.273015873015873 0.19761904761904758 0.273015873015873 0.2356084656084654 0.2300176366843034 0.2356084656084654
0 0.14260772904504784 0.8526380782447102 0.15618198817253456 0.8736029491162896 0.13649613318765455 0.902281733797695 0.12292187406016779 0.8813168629261154
0 0.12398589065255733 0.23994708994708996 0.1654320987654321 0.23994708994708996 0.1654320987654321 0.2796296296296296 0.12398589065255733 0.2796296296296296
0 0.42627604622042464 0.41137923256622266 0.43383014146043547 0.34568258390032536 0.4598350648906867 0.3524104499734599 0.4522809696506758 0.41810709863935724
0 0.5561917558637488 0.26811865349320085 0.5786387824957453 0.22568844588837866 0.6141786145066217 0.26799245761791024 0.5917315878746252 0.31042266522273243
0 0.44962336672744013 0.19037077014024154 0.4730644935439479 0.2012475555243047 0.4610247814207082 0.25962922985975845 0.43758365460420034 0.24875244447569522
0 0.8442650433856388 0.2451901265204864 0.8561844863731656 0.2433962264150943 0.8578313926730613 0.2680174206493249 0.8459119496855345 0.269811320754717
0 0.4725925925925927 0.718888888888889 0.5 0.718888888888889 0.5 0.7711111111111112 0.4725925925925927 0.7711111111111112
0 0.6656115615906366 0.9420105031368322 0.7098832525501159 0.9625527614047548 0.7005130996559759 1.0079894968631675 0.6562414086964966 0.9874472385952451
