0 0.13387678888128457 0.46123165192468785 0.16748971193415638 0.4561728395061728 0.1708572045533132 0.5065167418058019 0.13724428150044138 0.511575554224317
0 0.18985312717292033 0.39747778378486115 0.21848881730737635 0.40618489643081757 0.2105583954608245 0.4648678952274845 0.18192270532636848 0.4561607825815281
0 0.34602322841900607 0.31452472878371596 0.3665868597492173 0.3082720471280144 0.3748846189845322 0.3696732442702243 0.35432098765432096 0.3759259259259259
0 0.4748285676535357 0.22019424868781493 0.4984835503992705 0.2237543710932854 0.495 0.2758333333333333 0.47134501725426525 0.27227321092786294
0 0.4952380952380952 0.3568783068783069 0.501410934744268 0.3568783068783069 0.501410934744268 0.37936507936507935 0.4952380952380952 0.37936507936507935
0 0.12872628726287264 0.6548780487804877 0.15203252032520326 0.6548780487804877 0.15203252032520326 0.7065040650406504 0.12872628726287264 0.7065040650406504
0 0.14505931202689373 0.766438790079341 0.16258648567000258 0.7638009152492419 0.16469678553408185 0.7953498278068377 0.147169611890973 0.797987702636937
0 0.44632562452421787 0.8914717122766203 0.47175350874798966 0.887644764638492 0.47478548658689324 0.9329727321678243 0.4493576023631215 0.9367996798059526
0 0.41444444444444445 0.935 0.4722222222222222 0.935 0.4722222222222222 0.9994444444444445 0.41444444444444445 0.9994444444444445
0 0.9013071895424836 0.22254901960784312 0.9254901960784312 0.22254901960784312 0.9254901960784312 0.2813725490196078 0.9013071895424836 0.2813725490196078
0 0.845751633986928 0.2941176470588235 0.9019607843137254 0.2941176470588235 0.9019607843137254 0.338235294117647 0.845751633986928 0.338235294117647
0 0.9477124183006534 0.7990196078431372 0.9869281045751633 0.7990196078431372 0.9869281045751633 0.8323529411764705 0.9477124183006534 0.8323529411764705
0 0.9701429366953563 0.783710999887399 0.9877018337296747 0.7810683506232182 0.9886805927164082 0.7957007648184833 0.97112169568209 0.7983434140826641
0 0.8915219421101774 0.8911764705882352 0.9222408963585433 0.8911764705882352 0.9222408963585433 0.9627450980392156 0.8915219421101774 0.9627450980392156
