0 0.4738162483187985 0.20744725203585673 0.5061221466254173 0.21727034672516812 0.49692449242194225 0.285330525741921 0.4646185941153235 0.27550743105260966
0 0.34072337524066204 0.32344622342374485 0.3621998567170654 0.30584724046828 0.3781431481430701 0.34962323926675754 0.3566666666666667 0.3672222222222222
0 0.4948148148148149 0.35333333333333333 0.5044444444444445 0.35333333333333333 0.5044444444444445 0.38222222222222224 0.4948148148148149 0.38222222222222224
0 0.18928081773609695 0.4048609924555248 0.21872314702927007 0.4138133758802405 0.20948461436266846 0.48217604458151214 0.18004228506949535 0.4732236611567965
0 0.15645026314686342 0.6740677493263153 0.17780865208525598 0.6959858393857637 0.1551440329218107 0.745679012345679 0.13378564398341805 0.7237609222862302
0 0.14320987654320988 0.7623456790123456 0.1633744855967078 0.7623456790123456 0.1633744855967078 0.8055555555555555 0.14320987654320988 0.8055555555555555
0 0.44814814814814813 0.8882716049382716 0.474074074074074 0.8882716049382716 0.474074074074074 0.9450617283950618 0.44814814814814813 0.9450617283950618
0 0.900664450676202 0.8850449547339571 0.932124558701815 0.904996635234956 0.9120927509698884 0.976066156377154 0.8806326429442756 0.9561144758761551
0 0.9695016764387048 0.7788416033691962 0.9943669162722338 0.8102571572530095 0.9691814511333117 0.8551090139147544 0.9443162112997826 0.823693460030941
0 0.9004115226337448 0.22530864197530862 0.9271604938271604 0.22530864197530862 0.9271604938271604 0.28641975308641976 0.9004115226337448 0.28641975308641976
0 0.8337448559670781 0.2222222222222222 0.8724279835390946 0.2222222222222222 0.8724279835390946 0.29012345679012347 0.8337448559670781 0.29012345679012347
0 0.7742504409171076 0.9373015873015873 0.7931216931216931 0.9373015873015873 0.7931216931216931 0.9513227513227513 0.7742504409171076 0.9513227513227513
