0 0.5430113238324537 0.22434410242846198 0.5798286397196114 0.21314924331223237 0.5983290641746012 0.35004743196307253 0.5615117482874434 0.3612422910793022
0 0.728876003162669 0.1680731175217582 0.7643696970248545 0.17886550943646454 0.7600550973709576 0.21079239191470636 0.724561403508772 0.2
0 0.8018196901150147 0.8727306441641608 0.8147258288385804 0.8707882443690835 0.8168105026926609 0.9019540489322141 0.8039043639690954 0.9038964487272917
0 0.42265806105593445 0.7616569082160379 0.43109967790899284 0.7457002489458486 0.4488292993203148 0.7668042910784946 0.44038768246725635 0.7827609503486839
0 0.5249672299488995 0.4212133056964308 0.5691358024691358 0.4574074074074074 0.5946442853268126 0.3873679604016725 0.5504757128065764 0.35117385869069595
0 0.1424477384870134 0.21083309324827745 0.18297716529840272 0.19202726191528313 0.1916338178167652 0.23400416825565068 0.15110439100537587 0.25280999958864503
0 0.45231481481481484 0.5694444444444445 0.4777777777777778 0.5694444444444445 0.4777777777777778 0.6159722222222223 0.45231481481481484 0.6159722222222223
0 0.9175438596491228 0.8581871345029238 0.9257309941520466 0.8581871345029238 0.9257309941520466 0.8804093567251462 0.9175438596491228 0.8804093567251462
0 0.8840125399825866 0.9059887517846817 0.9415561998538946 0.8792882418845782 0.9539991559238461 0.9396252833030374 0.8964554960525376 0.966325793203141
0 0.9671546537211507 0.8418630518759798 0.9898741569713113 0.8524050007685775 0.9790441766882058 0.9049205738550143 0.9563246734380452 0.8943786249624166
