0 0.4484848484848485 0.39090909090909093 0.4674989182203399 0.3937707465869716 0.4646396953118415 0.43651603367073244 0.4456256255763501 0.43365437799285184
0 0.35728482364392733 0.3449157228402503 0.37585506605124613 0.3214534737371492 0.3978592092778833 0.3606398327153052 0.3792889668705645 0.3841020818184062
0 0.13333333333333333 0.43166666666666664 0.17222222222222222 0.43166666666666664 0.17222222222222222 0.5066666666666667 0.13333333333333333 0.5066666666666667
0 0.10518518518518519 0.875 0.13962962962962963 0.875 0.13962962962962963 0.9044444444444445 0.10518518518518519 0.9044444444444445
0 0.20668120599218118 0.7323882655702589 0.23579429082809383 0.7367698433008697 0.23220768289670776 0.7903895122075189 0.20309459806079516 0.786007934476908
0 0.44501392450959765 0.8926812829521432 0.47154736891701166 0.8886879462862701 0.4749860754904024 0.9400964948256348 0.4484526310829884 0.9440898314915078
0 0.7623133897768749 0.8159807465737999 0.8011111111111111 0.8277777777777778 0.7964005491554041 0.8626346752956027 0.7576028278211678 0.8508376440916247
0 0.795006193885139 0.6478194934214024 0.8236873322542507 0.6426319644388826 0.8286975098185647 0.7049582843563753 0.800016371449453 0.7101458133388953
0 0.6121521122314549 0.6455444702028894 0.6331144536607335 0.6720289751226611 0.6071071470278043 0.7183444186859995 0.5861448055985259 0.6918599137662278
0 0.896 0.212 0.9306666666666666 0.212 0.9306666666666666 0.2733333333333333 0.896 0.2733333333333333
0 0.8982715806598139 0.925444648698873 0.9198373482698748 0.8981977554882907 0.9458506028515201 0.9445237915319261 0.9242848352414589 0.9717706847425082
