0 0.14949243747430485 0.3938991138028341 0.17357080262955732 0.36347772301660985 0.20124830326643592 0.41276755286383254 0.17716993811118345 0.44318894365005684
0 0.3940912962646303 0.21646571710138743 0.4116211044105743 0.17551412917406983 0.4490198148464808 0.21153428289861256 0.4314900067005368 0.25248587082593016
0 0.49422222222222223 0.35533333333333333 0.5026666666666667 0.35533333333333333 0.5026666666666667 0.38266666666666665 0.49422222222222223 0.38266666666666665
0 0.4457777777777778 0.89 0.47333333333333333 0.89 0.47333333333333333 0.942 0.4457777777777778 0.942
0 0.8467781196854565 0.7155283223104115 0.8810969493472374 0.7050931655413781 0.8905956176882808 0.7753807685986794 0.8562767880264999 0.7858159253677128
0 0.8819039992390264 0.5482137578136063 0.9305930820869903 0.5173356367315566 0.9568165394815122 0.6103721007722521 0.9081274566335483 0.6412502218543017
0 0.9 0.22474747474747475 0.926936026936027 0.22474747474747475 0.926936026936027 0.28383838383838383 0.9 0.28383838383838383
0 0.924636621381238 0.21850429744049538 0.9292166036583515 0.2050064508270158 0.945994123691255 0.2178152846996519 0.9414141414141414 0.2313131313131313
0 0.5143772983839421 0.5250598144782671 0.5140435895576416 0.5079242669975556 0.5332417492351054 0.5070830426645899 0.5335754580614059 0.5242185901453015
0 0.49054177184732867 0.5427048904727931 0.4954317495826694 0.5419689390039223 0.4962103649048081 0.5536092120913094 0.4913203871694673 0.5543451635601803
