0 0.5781893004115226 0.38333333333333336 0.6020576131687243 0.38333333333333336 0.6020576131687243 0.4524691358024691 0.5781893004115226 0.4524691358024691
0 0.49423868312757196 0.35493827160493824 0.5032921810699589 0.35493827160493824 0.5032921810699589 0.38209876543209875 0.49423868312757196 0.38209876543209875
0 0.6877672065305626 0.36799805299755145 0.6945600922499835 0.37496894773082334 0.6817801185723181 0.4029896013234359 0.6749872328528972 0.3960187065901639
0 0.23455152039730162 0.2138222379921546 0.2591805831914318 0.1885477653735197 0.28481355896777777 0.244749190579274 0.26018449617364764 0.2700236631979088
0 0.2222222222222222 0.807142857142857 0.25047619047619046 0.807142857142857 0.25047619047619046 0.8738095238095237 0.2222222222222222 0.8738095238095237
0 0.3117460317460317 0.7433333333333333 0.3476190476190476 0.7433333333333333 0.3476190476190476 0.8223809523809523 0.3117460317460317 0.8223809523809523
0 0.44174608855270586 0.8966043317531581 0.465993265993266 0.8853535353535353 0.4761808199331911 0.9347539238601283 0.45193364249263107 0.9460047202597512
0 0.46023967401535165 0.8633795615157099 0.4693996266815473 0.855873404093119 0.477470763695086 0.8780345798984316 0.4683108110288904 0.8855407373210225
0 0.48914434017263686 0.7754277877783983 0.5161249147444386 0.7583169818284726 0.5340879830596862 0.8220469596963491 0.5071074084878845 0.8391577656462749
0 0.9630917267885518 0.7873344915118953 1.0059242661164285 0.8003583698640159 0.991723088026263 0.9054432862658827 0.9488905486983864 0.8924194079137617
0 0.8974074074074074 0.21611111111111111 0.9292592592592593 0.21611111111111111 0.9292592592592593 0.28722222222222227 0.8974074074074074 0.28722222222222227
0 0.7681681681681681 0.9603603603603604 0.7897897897897899 0.9603603603603604 0.7897897897897899 0.9810810810810812 0.7681681681681681 0.9810810810810812
