0 0.16615890728272487 0.6399952463590568 0.27355618226511497 0.6561587519114004 0.26135432023050265 0.838576182212372 0.15395704524811255 0.8224126766600283
0 0.5905390831695841 0.4649196164422241 0.6286592065857273 0.4826075204605327 0.6095238095238096 0.5753968253968254 0.5714036861076666 0.5577089213785168
0 0.5959210168317896 0.3294838779702804 0.6238939803533589 0.31174370904288623 0.6388937979830254 0.364960566474164 0.6109208344614561 0.38270073540155825
0 0.5569884205932757 0.17522791057321116 0.5886811458576869 0.17045809177786267 0.5904189868141317 0.1964387560934556 0.5587262615497205 0.20120857488880403
0 0.6648924963387619 0.18047705682972454 0.6818444191546098 0.18302835525514347 0.6795519481056826 0.21730072094805325 0.6626000252898347 0.21474942252263432
0 0.8446998715306415 0.14413615734774585 0.8839371048939506 0.1322054858952382 0.8884570949596583 0.16565220244061393 0.8492198615963493 0.17758287389312152
0 0.6124086031305822 0.8551237032582353 0.6452674897119342 0.8703703703703702 0.6286031476007445 0.9511773019806471 0.5957442610193927 0.9359306348685121
0 0.5289193708123091 0.8796800818237053 0.5643115893576822 0.8506777961550559 0.5887761024387197 0.9178507823738252 0.5533838838933467 0.9468530680424748
0 0.12486772486772488 0.9103174603174604 0.18677248677248678 0.9103174603174604 0.18677248677248678 0.9984126984126984 0.12486772486772488 0.9984126984126984
0 0.7800180925690873 0.5840729385853681 0.7959199697848192 0.5739881298073407 0.8055154037857799 0.6080311332509581 0.7896135265700482 0.6181159420289855
0 0.5447921288819023 0.2226877296237805 0.5515483300041606 0.2237045514599982 0.5502695995131596 0.2428215296354788 0.5435133983909013 0.24180470779926108
0 0.5204747717410089 0.19712248813480673 0.5310697235009139 0.19552792661891988 0.5318400430738061 0.20704417853185994 0.5212450913139011 0.2086387400477468
