0 0.32411549022730185 0.925823028280712 0.36585906669091034 0.9131302654799164 0.3758845097726981 0.987315860608177 0.3341409333090896 1.0000086234089727
0 0.5222591537368088 0.8793313287236113 0.5515119057998211 0.8553600517934011 0.5768149203372652 0.9248353379430556 0.5475621682742529 0.9488066148732658
0 0.5681179765524904 0.8730567272534621 0.5969644403924056 0.8494183847250605 0.6193820234475095 0.9109710505243158 0.5905355596075944 0.9346093930527174
0 0.4631642772345449 0.6186784077047727 0.4713755760592502 0.6254071871939545 0.46315151223913925 0.6479882589618939 0.4549402134144339 0.6412594794727122
0 0.5099150917041063 0.5483442357313988 0.5140446049325793 0.5509631310159306 0.5105527445532035 0.5633516707013496 0.5064232313247305 0.5607327754168178
0 0.5001949317738791 0.5283625730994151 0.5064327485380117 0.5283625730994151 0.5064327485380117 0.5485380116959064 0.5001949317738791 0.5485380116959064
0 0.4054907424203673 0.32753492000775425 0.42536675965399523 0.3582325905642654 0.3924071554775306 0.4062488637760296 0.3725311382439027 0.3755511932195184
0 0.4534654891337142 0.18320965109952447 0.47671706497797256 0.23752792684489543 0.43243243243243246 0.28018018018018015 0.40918085658817405 0.22586190443480916
0 0.5973685936481247 0.2302255534989735 0.6217966795222457 0.23765328073140146 0.6137425174629866 0.297251923978504 0.5893144315888654 0.289824196746076
0 0.09094650205761316 0.8709876543209873 0.19222222222222224 0.8709876543209876 0.1922222222222222 0.9958333333333335 0.09094650205761313 0.9958333333333333
0 0.05730907634343824 0.9227639031995812 0.07932506127802011 0.9125483898828931 0.08260861912981278 0.9284706647016533 0.06059263419523091 0.9386861780183414
0 0.3744855967078189 0.8074074074074074 0.38271604938271603 0.8074074074074074 0.38271604938271603 0.8327160493827159 0.3744855967078189 0.8327160493827159
0 0.9672028779732385 0.8259641156478065 1.0024170171559177 0.8312639143093049 0.9965831302572141 0.9184803287966379 0.9613689910745349 0.9131805301351394
