0 0.4020509442921966 0.8097601331621886 0.4382798884450276 0.8265705217295183 0.42186209918606427 0.9061818958233185 0.3856331550332333 0.8893715072559889
0 0.48212560386473424 0.7942028985507247 0.5033816425120772 0.7942028985507247 0.5033816425120772 0.8394927536231883 0.48212560386473424 0.8394927536231883
0 0.5125603864734299 0.8760869565217392 0.4859334532267998 0.8679906366458721 0.4936326010079641 0.8110190040241004 0.5202595342545943 0.8191153238999676
0 0.45837296326961574 0.9108078723153842 0.4770014193561816 0.9136114923647398 0.4739130434782609 0.9597826086956521 0.4552845873916949 0.9569789886462965
0 0.4443799902961799 0.8959865238418403 0.466183574879227 0.8858695652173914 0.4737359517328055 0.922491737027725 0.45193236714975843 0.9326086956521739
0 0.6912465570619848 0.8925249775238295 0.7292201459783925 0.8868098761360764 0.7338742158848751 0.9563880659544313 0.6959006269684674 0.9621031673421844
0 0.5963768115942029 0.6213768115942029 0.6036231884057971 0.6213768115942029 0.6036231884057971 0.6387681159420289 0.5963768115942029 0.6387681159420289
0 0.8129599608771496 0.6443812645218616 0.8498119669985579 0.6388349635970378 0.8521472515984837 0.6737473904488984 0.8152952454770754 0.6792936913737222
0 0.8001018990570821 0.8832761870034983 0.8105370913134783 0.8747250297359963 0.8199760736524694 0.9006419416514723 0.8095408813960733 0.9091930989189743
0 0.8144249512670564 0.9146198830409356 0.8656920077972708 0.9146198830409356 0.8656920077972708 0.9991228070175437 0.8144249512670564 0.9991228070175437
0 0.9225327585033241 0.5250879464863074 0.9730180201237829 0.5016625642509573 0.983429301117272 0.5521478258714161 0.932944039496813 0.5755732081067663
0 0.8918958241770201 0.22279226913801903 0.9180118317253366 0.2106743273933598 0.929810298102981 0.2678861788617886 0.9036942905546645 0.2800041206064478
0 0.7926829268292683 0.12560975609756098 0.8647696476964769 0.12560975609756098 0.8647696476964769 0.17967479674796746 0.7926829268292683 0.17967479674796746
0 0.563884530706712 0.26713003383902134 0.5794386879968555 0.2307937867677712 0.6083376915155104 0.2586275419185543 0.5927835342253669 0.2949637889898044
0 0.44575959288014017 0.17650600719806603 0.47470918345970403 0.18993874386449056 0.46232121520066805 0.2500091443170855 0.4333716246211042 0.23657640765066093
0 0.3553684692194866 0.431477155198576 0.37115720754298764 0.42146409795516465 0.38043520296996575 0.454380882150528 0.36464646464646466 0.4643939393939394
0 0.1202020202020202 0.23787878787878788 0.16818181818181818 0.23787878787878788 0.16818181818181818 0.2833333333333333 0.1202020202020202 0.2833333333333333
0 0.14410953945194446 0.8366265974343561 0.1640740740740741 0.798888888888889 0.1956950889037172 0.8365282278098926 0.17573055428158754 0.8742659363553597
0 0.16740740740740742 0.9144444444444445 0.21814814814814817 0.9144444444444445 0.21814814814814817 0.9755555555555556 0.16740740740740742 0.9755555555555556
0 0.04851851851851852 0.8594444444444445 0.11740740740740742 0.8594444444444445 0.11740740740740742 0.9988888888888889 0.04851851851851852 0.9988888888888889
