0 0.9447264008781765 0.3724335424278996 0.9743212022424615 0.402803881851202 0.9457783569282472 0.465385323821999 0.9161835555639621 0.4350149843986963
0 0.7761796252855704 0.1889800919571602 0.7972408353632954 0.17920759835063443 0.8072999887822792 0.22798536089064553 0.7862387787045543 0.2377578544971713
0 0.7610036446499773 0.7352452589094065 0.7558136511164403 0.7018767533478552 0.7671296296296297 0.6979166666666666 0.7723196231631666 0.7312851722282179
0 0.4355772667013678 0.8921736734485268 0.46304015340020904 0.8794307738862165 0.4732102825026952 0.9287466677492254 0.4457473958038541 0.9414895673115357
0 0.38131876058777503 0.2810591471008691 0.40082259381591534 0.33853966413340275 0.37825162787150235 0.35577151678861796 0.35874779464336204 0.2982909997560841
0 0.9539840180972706 0.2553104523982709 0.9632620606867137 0.30544114228394736 0.9374577959496787 0.3161866437416829 0.9281797533602356 0.2660559538560064
0 0.33497503538863294 0.21659875684040594 0.3619835136475493 0.18787073719597475 0.3767359168603541 0.21907685318780037 0.3497274386014377 0.24780487283223154
0 0.2281808433906919 0.88426825166269 0.22592592592592595 1.0000555555555557 0.17410675091375014 0.9977849446393634 0.17636166837851602 0.8819976407464977
0 0.14338042011804567 0.6641189171984404 0.16437974587244103 0.6469109412814401 0.18194444444444444 0.695138888888889 0.1609451186900491 0.7123468648058894
0 0.16361156973366053 0.4074726758625226 0.22925880326062958 0.3658398681163382 0.2602974392882859 0.4759597848464083 0.1946502057613169 0.5175925925925926
0 0.44886082348030515 0.6553008691618417 0.5303530176905987 0.6800797975349142 0.5177897689035816 0.773044475545241 0.43629757469328795 0.7482655471721686
0 0.9256245751102675 0.8623923245057399 0.9247619047619046 0.8180952380952381 0.9467563772706845 0.8171314850180695 0.9476190476190475 0.8614285714285714
0 0.655338072057877 0.2721057599103912 0.6539617846432989 0.34277646587000643 0.6002698031204013 0.34042379237936826 0.6016460905349794 0.2697530864197531
0 0.4174082161257877 0.20650078718587464 0.43832243089997597 0.18007708704966274 0.46337448559670785 0.22469135802469134 0.4424602708225195 0.25111505816090335
0 0.17212174254346754 0.834914395222711 0.20010874407965432 0.8578484481564324 0.17382280561067234 0.9300225795881721 0.14583580407448574 0.9070885266544508
0 0.7047619047619047 0.4595238095238095 0.7365079365079364 0.4595238095238095 0.7365079365079364 0.5452380952380952 0.7047619047619047 0.5452380952380952
0 0.7514800101123015 0.7441458652156243 0.7749144122791062 0.7590077246975863 0.758671027681208 0.8166365508399864 0.7352366255144033 0.8017746913580246
0 0.2447461492029152 0.4405971088257482 0.28118868858964124 0.4351124334667558 0.2865295709616938 0.5149584467298073 0.2500870315749677 0.5204431220887997
0 0.7730848103148197 0.46907200844411007 0.8026307407824008 0.4503342798796063 0.8176117740889803 0.5034844936577183 0.7880658436213991 0.5222222222222221
0 0.5730496453900709 0.6806737588652482 0.5784869976359337 0.6806737588652482 0.5784869976359337 0.6946808510638298 0.5730496453900709 0.6946808510638298
