0 0.9447264008781765 0.3724335424278996 0.9743212022424615 0.402803881851202 0.9457783569282472 0.465385323821999 0.9161835555639621 0.4350149843986963
0 0.7761796252855704 0.1889800919571602 0.7972408353632954 0.17920759835063443 0.8072999887822792 0.22798536089064553 0.7862387787045543 0.2377578544971713
0 0.4355772667013678 0.8921736734485268 0.46304015340020904 0.8794307738862165 0.4732102825026952 0.9287466677492254 0.4457473958038541 0.9414895673115357
0 0.950031786706589 0.3089969118805954 0.9524852657483683 0.3608932193301702 0.9257721672580558 0.3637347521605931 0.9233186882162764 0.3118384447110184
0 0.33497503538863294 0.21659875684040594 0.3619835136475493 0.18787073719597475 0.3767359168603541 0.21907685318780037 0.3497274386014377 0.24780487283223154
0 0.2683127572016461 0.8635802469135802 0.2677126326282459 0.894395923070078 0.25473251028806587 0.893827160493827 0.25533263486146596 0.8630114843373291
0 0.7499999999999999 0.44047619047619047 0.8391126697307073 0.4270645547320561 0.8508960573476703 0.603225806451613 0.7617833876169626 0.6166374421957473
0 0.4676767676767677 0.6904040404040404 0.5089075437119568 0.7029408785152553 0.5033670033670034 0.7439393939393938 0.46213622733181436 0.7314025558281789
0 0.9349747474747475 0.8268939393939393 0.93451955820616 0.8035205170872354 0.9457070707070707 0.803030303030303 0.9461622599756583 0.826403725337007
0 0.8121718686422861 0.8829979777831302 0.8374875946567328 0.8868080453855272 0.8333233517176281 0.9490633383847135 0.8080076257031814 0.9452532707823166
0 0.23257954138119233 0.4128788959743198 0.2542550221768 0.3906354045981516 0.27689986809821715 0.4402852238564666 0.25522438730260943 0.4625287152326349
0 0.7815008528050603 0.6820590765574487 0.7885847270873472 0.6686688729740728 0.8019749306707229 0.6846075901092182 0.7948910563884362 0.6979977936925942
0 0.7535459624265595 0.9195544488567068 0.7412442928597719 0.9244317576197892 0.737037037037037 0.9005555555555556 0.7493387066038244 0.895678246792473
0 0.8851470821493175 0.3620646377704512 0.8922445055504777 0.3631328142448618 0.8909846050934808 0.3819682840402483 0.8838871816923206 0.38090010756583775
0 0.5931752687612026 0.5601809108943033 0.6018974372650178 0.5546494003501463 0.607650208230941 0.5750592746490739 0.5989280397271258 0.5805907851932309
0 0.17627627627627626 0.9458918918918918 0.20644394394394394 0.9458918918918918 0.20644394394394394 1.000016663004468 0.17627627627627626 1.000016663004468
0 0.960325486600069 0.8271845892052037 0.9670442702428601 0.8428804175235571 0.958908059278229 0.8507167189966677 0.9521892756354376 0.8350208906783141
0 0.8553968253968253 0.39 0.8679365079365079 0.39 0.8679365079365079 0.42047619047619045 0.8553968253968253 0.42047619047619045
0 0.6074320987654321 0.8062222222222222 0.6540123456790125 0.8062222222222222 0.6540123456790125 0.8800925925925926 0.6074320987654321 0.8800925925925926
0 0.7541876803606474 0.18919278826385755 0.7801608057506519 0.215846544924322 0.7532041975057121 0.27495009245222246 0.7272310721157077 0.24829633579175808
0 0.9622222222222222 0.503 0.9788888888888889 0.503 0.9788888888888889 0.5476666666666666 0.9622222222222222 0.5476666666666666
0 0.5832883236237187 0.39967443328979196 0.6071326945420353 0.38861054087853275 0.6100358422939067 0.4026881720430107 0.5861914713755901 0.4137520644542699
0 0.7798971722420214 0.6360463582949439 0.7725078586580363 0.6246338750306335 0.783739191394342 0.6082718235232378 0.7911285049783271 0.6196843067875483
0 0.9442029107024664 0.9204268343279394 0.9825611182203886 0.9026284582449271 0.9989789074793518 0.9822398323387276 0.9606206999614296 1.0000382084217398
0 0.633304588858893 0.6164213108367441 0.6393196704570911 0.6192123350107679 0.6357077568201193 0.6367268373114039 0.629692675221921 0.6339358131373802
0 0.7760634207592874 0.951128485215708 0.7588368000999578 0.9652449038523875 0.7435662088703423 0.9233159592287364 0.7607928295296719 0.909199540592057
