0 0.59 0.6459722222222223 0.6191666666666666 0.6459722222222223 0.6191666666666666 0.7043055555555556 0.59 0.7043055555555556
0 0.4138569700404786 0.4128086269178106 0.43919272424894684 0.4166217088036269 0.4356800669965585 0.4691358175266339 0.4103443127880902 0.46532273564081755
0 0.6920199974105078 0.755193733732703 0.709724677671723 0.7775624034284561 0.6930227376322272 0.8073062662672971 0.6753180573710122 0.7849375965715442
0 0.1337448559670782 0.4364197530864197 0.16707818930041152 0.4364197530864197 0.16707818930041152 0.4901234567901234 0.1337448559670782 0.4901234567901234
0 0.21810699588477364 0.7308641975308642 0.23894999572834438 0.7440826160188976 0.2251028806584362 0.7932098765432098 0.20425988081486554 0.7799914580551766
0 0.10148895367654123 0.8841026822326293 0.1337448559670782 0.8691358024691358 0.1394147839996115 0.8966298063549816 0.10715888170907457 0.9115966861184754
0 0.44485596707818925 0.8876543209876542 0.46944504202699905 0.8839536158298441 0.473056505364846 0.9379448722337789 0.4484674304160361 0.9416455773915888
0 0.7937293109695562 0.6581360545978057 0.8205761316872427 0.645679012345679 0.8313735696888797 0.6980367849083673 0.8045267489711934 0.7104938271604938
0 0.9448559670781892 0.7722222222222221 0.9893004115226336 0.7722222222222221 0.9893004115226336 0.8635802469135802 0.9448559670781892 0.8635802469135802
0 0.9013113203236619 0.20886190647337802 0.9332497256288825 0.2136687006082253 0.9291413545734575 0.27508871081057257 0.8972029492682368 0.2702819166757253
0 0.8683760683760684 0.8294871794871795 0.8998996669360192 0.814860091858078 0.91169110801583 0.8720378770094688 0.8801675094558792 0.8866649646385706
0 0.9216407194771412 0.9457018795768463 0.8789198686481641 0.9327119617940922 0.8860515882151663 0.8799391460641792 0.9287724390441433 0.8929290638469334
