0 0.5142038187982425 0.4918011454082971 0.5411518482745225 0.4877454128570197 0.5462128478684242 0.5634071879250362 0.5192648183921442 0.5674629204763136
0 0.5553812928982901 0.6083056547522453 0.6111092547639505 0.582447636669378 0.6223964848794877 0.6371804563588659 0.5666685230138273 0.6630384744417331
0 0.6442825359097677 0.4426491026148536 0.6789932272083118 0.43209479441636595 0.6911341307568989 0.5219342307184798 0.6564234394583549 0.5324885389169673
0 0.47899448833069974 0.18047220096919042 0.5286784190129293 0.16536505393998266 0.5354386948524834 0.21538928551729605 0.4857547641702538 0.2304964325465038
0 0.9833959115561116 0.8898101793909052 0.9960436656932274 0.8898101793909052 0.9960436656932274 0.9234981226533165 0.9833959115561116 0.9234981226533165
0 0.12440132561358468 0.23906885013141646 0.16174163618126922 0.2153880049910255 0.16899206777980869 0.2411113300487638 0.1316517572121241 0.2647921751891547
0 0.5445669933381475 0.21779319308715214 0.577530193553829 0.20777023585785173 0.5857633369921829 0.2686932933993344 0.5528001367765013 0.27871625062863475
0 0.5395829816258886 0.6352597140342988 0.557334651681221 0.6207130417091286 0.5718130297701226 0.6604667816921967 0.5540613597147902 0.6750134540173671
0 0.763821528159453 0.8251588578642493 0.7754510861645397 0.8177835104720399 0.7821380678001428 0.8415078088024173 0.770508509795056 0.8488831561946266
0 0.7913072047822908 0.8001034193747434 0.7993375694734914 0.7963772950298831 0.8029923121259216 0.8140994791759812 0.7949619474347208 0.8178256035208414
