0 0.042942942942942944 0.8518018018018018 0.11021021021021021 0.8518018018018018 0.11021021021021021 0.9972972972972973 0.042942942942942944 0.9972972972972973
0 0.15165165165165165 0.9274774774774776 0.2075075075075075 0.9274774774774776 0.2075075075075075 0.9824324324324325 0.15165165165165165 0.9824324324324325
0 0.15727644159835 0.8105864523737905 0.19256364525073727 0.7942130355182296 0.2057866214647131 0.8583324665451285 0.17049941781232586 0.8747058834006893
0 0.36378954700168664 0.7717397611659899 0.3864536859328947 0.7822560207724069 0.3668410836289439 0.8773593379331092 0.3441769446977359 0.8668430783266922
0 0.4005209314817431 0.8145696394577393 0.43077894331690647 0.823770043438031 0.42072072072072075 0.8981981981981982 0.39046270888555734 0.8889977942179066
0 0.44253231197534854 0.8942883712939592 0.46720466574856234 0.8828402912160875 0.4775878081447716 0.9331891061835182 0.45291545437155767 0.9446371862613899
0 0.4813288242842584 0.9567118414883484 0.5177177177177177 0.9193693693693694 0.5329710316569106 0.9528129301160118 0.49658213822345126 0.9901554022349909
0 0.6817530612901851 0.8932144402450835 0.7294319758878671 0.8787169485384166 0.7404691609320372 0.9603891633585202 0.692790246334355 0.9748866550651869
0 0.5981471434150628 0.7227174715502488 0.6355853645944539 0.6754168035233372 0.6700210247531052 0.7367419879092106 0.6325828035737142 0.7840426559361222
0 0.9751881736810721 0.8106816922600046 1.0007935167057533 0.818467382250622 0.9926796941867958 0.8785074969291845 0.9670743511621147 0.8707218069385672
0 0.9468026637966458 0.7285975460049078 0.9770939906397368 0.7093870946411477 0.9912522878040518 0.7596183774650689 0.960960960960961 0.7788288288288289
0 0.8595272559817452 0.33137541933311765 0.900917960993732 0.2889000621002478 0.9329652365107478 0.35916512120742305 0.8915745314987609 0.40164047844029294
0 0.8937625413147713 0.23579634697911744 0.9203156510517913 0.21895663487928382 0.934465686913457 0.2691586079758375 0.9079125771764369 0.28599832007567105
0 0.7858858858858859 0.12432432432432432 0.8654654654654654 0.12432432432432432 0.8654654654654654 0.18513513513513513 0.7858858858858859 0.18513513513513513
0 0.5644729532218086 0.2650158889138478 0.5796118584103845 0.22964971708858847 0.6084739066815732 0.25744787920209417 0.5933350014929972 0.29281405102735353
0 0.43863642064572045 0.20986009785828963 0.46612211038496765 0.17513378221371786 0.4825581535073632 0.204404119138037 0.45507246376811594 0.23913043478260868
0 0.3533680202983653 0.42816598610975387 0.37420035335392793 0.4218316016496214 0.37899912946008885 0.4573412602670577 0.3581667964045262 0.46367564472719014
0 0.11739130434782609 0.38840579710144923 0.14589371980676327 0.38840579710144923 0.14589371980676327 0.4492753623188406 0.11739130434782609 0.4492753623188406
0 0.114975845410628 0.3152173913043478 0.14444444444444443 0.3152173913043478 0.14444444444444443 0.36884057971014494 0.114975845410628 0.36884057971014494
