0 0.5232323232323233 0.6378787878787879 0.6303030303030304 0.6378787878787879 0.6303030303030304 0.8121212121212121 0.5232323232323233 0.8121212121212121
0 0.7452674897119341 0.5277777777777778 0.7872427983539094 0.5277777777777778 0.7872427983539094 0.624074074074074 0.7452674897119341 0.624074074074074
0 0.9427983539094649 0.40061728395061724 0.976954732510288 0.40061728395061724 0.976954732510288 0.47592592592592586 0.9427983539094649 0.47592592592592586
0 0.8934156378600823 0.47160493827160493 0.9181069958847735 0.47160493827160493 0.9181069958847735 0.491358024691358 0.8934156378600823 0.491358024691358
0 0.8197530864197531 0.9351851851851851 0.8604938271604938 0.9351851851851851 0.8604938271604938 0.9987654320987653 0.8197530864197531 0.9987654320987653
0 0.9670762392916077 0.8391239400772993 0.9936953315292711 0.8472178757763572 0.9860101804614787 0.9040859364659106 0.9593910882238152 0.8959920007668526
0 0.7277158773036938 0.16238530784643346 0.7612921495476437 0.16743860424460624 0.7587038757827258 0.206133210672085 0.725127603538776 0.20107991427391225
0 0.6045267489711933 0.1617283950617284 0.6395061728395061 0.1617283950617284 0.6395061728395061 0.1950617283950617 0.6045267489711933 0.1950617283950617
0 0.44569074799206754 0.21740986324673842 0.49038522971815707 0.1609413993036815 0.5139800339009366 0.20296050712363195 0.4692855521748472 0.2594289710666887
0 0.8483405483405483 0.7584415584415585 0.855988455988456 0.7584415584415585 0.855988455988456 0.7715367965367965 0.8483405483405483 0.7715367965367965
