0 0.5479495954373919 0.2873070653914249 0.5847669113245496 0.2761122062751953 0.6032673357795394 0.4130103949260354 0.5664500198923816 0.4242052540422651
0 0.747698146736967 0.46639912464391703 0.7945551269178899 0.44465728086811834 0.8171647681259477 0.5542935160487236 0.770307787945025 0.5760353598245221
0 0.728876003162669 0.1680731175217582 0.7643696970248545 0.17886550943646454 0.7600550973709576 0.21079239191470636 0.724561403508772 0.2
0 0.799275759069836 0.8767058201157086 0.8112227854002683 0.8691291375408192 0.8193544337378397 0.8979788729806661 0.8074074074074075 0.9055555555555557
0 0.42265806105593445 0.7616569082160379 0.43109967790899284 0.7457002489458486 0.4488292993203148 0.7668042910784946 0.44038768246725635 0.7827609503486839
0 0.6362322612417252 0.7415474878497447 0.6245988703939823 0.761077862454373 0.5989529239434598 0.7267064804042234 0.6105863147912031 0.7071761057995951
0 0.4585237898283209 0.1913254315775835 0.4749684979836295 0.1602410304018896 0.50232277101824 0.19280155254940068 0.4858780628629314 0.2238859537250945
0 0.6044747846448594 0.4156586129522807 0.6078425225947148 0.4235260245988585 0.6185604457074442 0.4132031756656052 0.6151927077575886 0.40533576401902754
0 0.2585858585858586 0.19242424242424241 0.301010101010101 0.19242424242424241 0.301010101010101 0.2363636363636364 0.2585858585858586 0.2363636363636364
0 0.45231481481481484 0.5694444444444445 0.4777777777777778 0.5694444444444445 0.4777777777777778 0.6159722222222223 0.45231481481481484 0.6159722222222223
0 0.9142722515846304 0.31643343834305687 0.9727748113023661 0.30762868562489915 0.9787833039709254 0.397455450545832 0.9202807442531896 0.40626020326398976
0 0.9405969871174121 0.19846473259200603 0.961230377490154 0.21963882534432 0.9371807906603656 0.2723686007413273 0.9165474002876237 0.25119450798901344
0 0.736248159818483 0.2819874613315838 0.7515991763851977 0.2722520027738676 0.7609740624037392 0.3055125386684162 0.7456230458370245 0.31524799722613245
