0 0.5833333333333334 0.6715277777777778 0.6125 0.6715277777777778 0.6125 0.7298611111111112 0.5833333333333334 0.7298611111111112
0 0.4138569700404786 0.4128086269178106 0.43919272424894684 0.4166217088036269 0.4356800669965585 0.4691358175266339 0.4103443127880902 0.46532273564081755
0 0.7023148148148148 0.745138888888889 0.725462962962963 0.745138888888889 0.725462962962963 0.7840277777777779 0.7023148148148148 0.7840277777777779
0 0.1337448559670782 0.4364197530864197 0.16707818930041152 0.4364197530864197 0.16707818930041152 0.4901234567901234 0.1337448559670782 0.4901234567901234
0 0.21810699588477364 0.7308641975308642 0.23894999572834438 0.7440826160188976 0.2251028806584362 0.7932098765432098 0.20425988081486554 0.7799914580551766
0 0.10148895367654123 0.8841026822326293 0.1337448559670782 0.8691358024691358 0.1394147839996115 0.8966298063549816 0.10715888170907457 0.9115966861184754
0 0.44485596707818925 0.8876543209876542 0.46944504202699905 0.8839536158298441 0.473056505364846 0.9379448722337789 0.4484674304160361 0.9416455773915888
0 0.7937293109695562 0.6581360545978057 0.8205761316872427 0.645679012345679 0.8313735696888797 0.6980367849083673 0.8045267489711934 0.7104938271604938
0 0.9448559670781892 0.7722222222222221 0.9893004115226336 0.7722222222222221 0.9893004115226336 0.8635802469135802 0.9448559670781892 0.8635802469135802
0 0.9013113203236619 0.20886190647337802 0.9332497256288825 0.2136687006082253 0.9291413545734575 0.27508871081057257 0.8972029492682368 0.2702819166757253
