0 0.9447264008781765 0.3724335424278996 0.9743212022424615 0.402803881851202 0.9457783569282472 0.465385323821999 0.9161835555639621 0.4350149843986963
0 0.7761796252855704 0.1889800919571602 0.7972408353632954 0.17920759835063443 0.8072999887822792 0.22798536089064553 0.7862387787045543 0.2377578544971713
0 0.7484680321143647 0.702766626430774 0.7432780385808277 0.6693981208692227 0.7545940170940172 0.6654380341880342 0.7597840106275541 0.6988065397495854
0 0.4355772667013678 0.8921736734485268 0.46304015340020904 0.8794307738862165 0.4732102825026952 0.9287466677492254 0.4457473958038541 0.9414895673115357
0 0.36330663428869153 0.24769171952298863 0.3737037037037037 0.2783333333333333 0.36140344426892335 0.28772399294103695 0.3510063748539111 0.25708237913069226
0 0.950031786706589 0.3089969118805954 0.9524852657483683 0.3608932193301702 0.9257721672580558 0.3637347521605931 0.9233186882162764 0.3118384447110184
0 0.33497503538863294 0.21659875684040594 0.3619835136475493 0.18787073719597475 0.3767359168603541 0.21907685318780037 0.3497274386014377 0.24780487283223154
0 0.2683127572016461 0.8635802469135802 0.2677126326282459 0.894395923070078 0.25473251028806587 0.893827160493827 0.25533263486146596 0.8630114843373291
0 0.492962026787251 0.7627220815532815 0.5124948973299428 0.7597823453120985 0.5152263374485596 0.8006172839506173 0.49569346690586774 0.8035570201918001
0 0.7664356953045532 0.3655239263578024 0.8107755255846789 0.41102569131318867 0.7674952318550305 0.5059196362126538 0.7231554015749049 0.4604178712572676
0 0.4676767676767677 0.6904040404040404 0.5089075437119568 0.7029408785152553 0.5033670033670034 0.7439393939393938 0.46213622733181436 0.7314025558281789
0 0.9256245751102675 0.8623923245057399 0.9247619047619046 0.8180952380952381 0.9467563772706845 0.8171314850180695 0.9476190476190475 0.8614285714285714
0 0.43192472892400174 0.23543207119111878 0.4284015427413261 0.1947572277241752 0.46696496868326764 0.18724155550092866 0.4704881548659433 0.22791639896787255
0 0.5313326966889007 0.9301062261457442 0.5301693667511884 0.9898418214082302 0.48024691358024685 0.9876543209876542 0.4814102435179592 0.9279187257251683
0 0.8034848202318983 0.7954972098320279 0.8284204916857083 0.7879151435632763 0.8367073698249857 0.8492358235075333 0.8117716983711757 0.856817889776285
0 0.2686868686868687 0.38636363636363635 0.29494949494949496 0.38636363636363635 0.29494949494949496 0.4465207631874299 0.2686868686868687 0.4465207631874299
0 0.8499439927352709 0.20980765856510405 0.8717251132665617 0.21991419377127103 0.8666505238592457 0.24452134576390028 0.8448694033279549 0.23441481055773325
0 0.7815008528050603 0.6820590765574487 0.7885847270873472 0.6686688729740728 0.8019749306707229 0.6846075901092182 0.7948910563884362 0.6979977936925942
0 0.6327962322510621 0.6907150701830725 0.6656044697756396 0.6492640743074359 0.6980893273144855 0.7071151469786262 0.6652810897899081 0.7485661428542632
0 0.6844993141289437 0.8950617283950617 0.69039780521262 0.8950617283950617 0.69039780521262 0.9123456790123456 0.6844993141289437 0.9123456790123456
0 0.8851470821493175 0.3620646377704512 0.8922445055504777 0.3631328142448618 0.8909846050934808 0.3819682840402483 0.8838871816923206 0.38090010756583775
0 0.5801933943527054 0.5685444877491044 0.5874362180959298 0.5593936683281144 0.5969530702937593 0.5763418758872595 0.5897102465505349 0.5854926953082493
0 0.5069051575870108 0.4899352798071236 0.5181231239365918 0.4847300943488841 0.5199887818069284 0.4937768414049976 0.5087708154573476 0.49898202686323717
