0 0.5874867599026249 0.4854703352549443 0.6322131785414481 0.4571052955065364 0.6544885487393503 0.5361346030166605 0.609762130100527 0.5644996427650685
0 0.4934156378600823 0.3574074074074074 0.5008230452674897 0.3574074074074074 0.5008230452674897 0.38333333333333336 0.4934156378600823 0.38333333333333336
0 0.5593952752637343 0.2626337750454672 0.580115607539423 0.2234674295640932 0.6167952009267418 0.2671281297164374 0.5960748686510531 0.3062944751978115
0 0.31031746031746027 0.21666666666666662 0.3317460317460317 0.21666666666666662 0.3317460317460317 0.28333333333333327 0.31031746031746027 0.28333333333333327
0 0.2318213528811374 0.21636522772345704 0.2580224835131906 0.18947749089512203 0.28087705981727534 0.23958715322892393 0.2546759291852221 0.26647489005725894
0 0.18717083583118108 0.231925071136301 0.20345109690493654 0.20115151397236408 0.2326704340100887 0.2359320717208418 0.21639017293633322 0.2667056288847786
0 0.31805555555555554 0.7493055555555557 0.34675925925925927 0.7493055555555557 0.34675925925925927 0.8180555555555556 0.31805555555555554 0.8180555555555556
0 0.225 0.8090277777777778 0.24768518518518523 0.8090277777777778 0.24768518518518523 0.8555555555555556 0.225 0.8555555555555556
0 0.16183357598230366 0.8559391165454016 0.22485353872986946 0.8959057358876051 0.19547636553816422 1.000131058893195 0.1324564027905984 0.9601644395509914
0 0.4429970617274755 0.8951453804514369 0.47050770250898405 0.8867803559969081 0.47864036517310926 0.9469598827064578 0.45112972439160076 0.9553249071609866
0 0.4973544973544973 0.7444444444444445 0.5275132275132275 0.7444444444444445 0.5275132275132275 0.8126984126984127 0.4973544973544973 0.8126984126984127
0 0.4655198928181999 0.8718347330673201 0.4836287393333981 0.8569953711581425 0.488448361150054 0.8702287589961719 0.47033951463485574 0.8850681209053496
0 0.7761378615246003 0.966028835808354 0.7877460964702403 0.9565164243281119 0.7968780114912728 0.981590211810694 0.7852697765456328 0.9911026232909358
0 0.9031746031746032 0.21825396825396828 0.9322751322751324 0.21825396825396828 0.9322751322751324 0.2753968253968254 0.9031746031746032 0.2753968253968254
