0 0.8106750688648565 0.3018008897295291 0.8534582887106952 0.2667420204415552 0.8805516775772853 0.34113319393136654 0.8377684577314467 0.37619206321934023
0 0.5885187700473875 0.9182837345563615 0.626164920812192 0.9297306133938091 0.6166666666666667 1.0000151515151514 0.5790205159018622 0.9885682726777041
0 0.5984126984126984 0.8122882934526432 0.6103063628529001 0.8122882934526432 0.6103063628529001 0.8333333333333331 0.5984126984126984 0.8333333333333331
0 0.7726640556861271 0.9726048220899666 0.7833101907878671 0.9710025573783508 0.7852000414733626 0.9992557620714306 0.7745539063716226 1.0008580267830463
0 0.9254572857827601 0.7481913605026652 0.9252211900085944 0.7360681260258872 0.9387301587301586 0.7354761904761904 0.9389662545043241 0.7475994249529683
0 0.9054105354352407 0.4399707019610978 0.9260491341397428 0.4138952241443343 0.9542720042472991 0.4641562821658862 0.9336334055427966 0.49023175998265
0 0.8547928319565985 0.8236395739145415 0.8908110849048859 0.8069269469877706 0.9037037037037038 0.8694444444444445 0.8676854507554163 0.8861570713712157
0 0.896135138666896 0.22364108164620877 0.9193144910634586 0.21659305062514586 0.9271981946664374 0.2749303469252197 0.9040188422698746 0.28197837794628267
0 0.16197530864197526 0.91 0.22458553791887123 0.91 0.22458553791887123 0.9705820105820105 0.16197530864197526 0.9705820105820105
0 0.7776014109347443 0.18994708994708995 0.799647266313933 0.18994708994708995 0.799647266313933 0.241005291005291 0.7776014109347443 0.241005291005291
0 0.8181657848324515 0.2082010582010582 0.8125155485528207 0.20357095097940608 0.8171640839579103 0.1908073205049624 0.8228143202375413 0.19543742772661457
0 0.38615699935856873 0.7474033536337277 0.3803245325386067 0.6800680887264607 0.4072586385015133 0.6748188685884949 0.41309110532147525 0.7421541334957613
0 0.4426138977789198 0.8995381168104125 0.47007678447776075 0.8867952172481024 0.48024691358024696 0.9361111111111111 0.452784026881406 0.9488540106734212
0 0.4758377425044092 0.87010582010582 0.484 0.87010582010582 0.484 0.888 0.4758377425044092 0.888
0 0.22219559014140042 0.23261502531957487 0.23777633450496524 0.29272908065259323 0.21417125289210934 0.3064948408491146 0.19859050852854448 0.24638078551609602
0 0.14260772904504784 0.8526380782447102 0.15618198817253456 0.8736029491162896 0.13649613318765455 0.902281733797695 0.12292187406016779 0.8813168629261154
0 0.8030708579728187 0.13308434484905074 0.8445170660856935 0.13308434484905074 0.8445170660856935 0.17276688453159045 0.8030708579728187 0.17276688453159045
0 0.42627604622042464 0.41137923256622266 0.43383014146043547 0.34568258390032536 0.4598350648906867 0.3524104499734599 0.4522809696506758 0.41810709863935724
0 0.5561917558637488 0.26811865349320085 0.5786387824957453 0.22568844588837866 0.6141786145066217 0.26799245761791024 0.5917315878746252 0.31042266522273243
0 0.44962336672744013 0.19037077014024154 0.4730644935439479 0.2012475555243047 0.4610247814207082 0.25962922985975845 0.43758365460420034 0.24875244447569522
0 0.8435392887498211 0.24626292846538597 0.8552797900524413 0.2426930523114703 0.8585571473088791 0.2669446187044254 0.8468166460062588 0.270514494858341
0 0.4725925925925927 0.718888888888889 0.5 0.718888888888889 0.5 0.7711111111111112 0.4725925925925927 0.7711111111111112
0 0.5863377929785151 0.8525516371344246 0.666693313179266 0.7700903834502579 0.7065777424229729 0.8575387463158333 0.6262222222222222 0.94
0 0.45741894243325937 0.8519722336389716 0.4684583863075996 0.8468498833901749 0.4750255020111851 0.8786944330276951 0.4639860581368448 0.8838167832764917
