0 0.35802469135802467 0.8820987654320986 0.42285499553204137 0.7819710941677931 0.48111897411805743 0.8668513342098816 0.41628866994404073 0.9669790054741871
0 0.4713094361665629 0.9349283270030242 0.45288343310585866 0.9377014774654361 0.4500897407881696 0.8959358705278399 0.4685157438488738 0.893162720065428
0 0.5174597188494484 0.8698827510864897 0.5626315117376044 0.8836179146970125 0.5516760836196873 0.9646851501480778 0.5065042907315314 0.9509499865375551
0 0.14698412698412697 0.7657142857142857 0.16412698412698412 0.7657142857142857 0.16412698412698412 0.8038095238095238 0.14698412698412697 0.8038095238095238
0 0.1266098484389274 0.6850236911850482 0.15305608942829424 0.6769823135100099 0.16005681822773923 0.7287858326244756 0.13361057723837239 0.7368272102995138
0 0.13442549332639214 0.4584707714805285 0.16539682539682538 0.4538095238095238 0.1690665701656713 0.5086720856623286 0.13809523809523808 0.5133333333333333
0 0.19294665818295054 0.4015169792677162 0.2184126984126984 0.4133333333333333 0.20735726779940533 0.4669421358608975 0.18189122756965745 0.45512578179528057
0 0.3451486861092734 0.3211951831639446 0.3715949270986403 0.31315380548890637 0.37834337738279 0.3630905311217696 0.3518971363934231 0.37113190879680774
0 0.4747342944174458 0.21635342188004414 0.5029260791003233 0.22059634208753437 0.49915459447144306 0.2769799114532892 0.47096280978856564 0.272736991245799
0 0.49346405228758167 0.35764705882352943 0.5006535947712418 0.35764705882352943 0.5006535947712418 0.38098039215686275 0.49346405228758167 0.38098039215686275
0 0.9618050843911476 0.7807058211509731 0.9923227777937712 0.7948661643868288 0.9775467674607043 0.8665164010712492 0.9470290740580808 0.8523560578353936
0 0.9051803502028124 0.8948616323749303 0.9315890847041433 0.9165023684924811 0.9091715016490391 0.9780550342917365 0.8827627671477086 0.9564142981741858
0 0.7779043064148045 0.9455188920513313 0.7904584077142115 0.9396937341315644 0.7959204799099819 0.9661798258973866 0.7833663786105748 0.9720049838171534
0 0.8611483297969023 0.30793712838457715 0.8931057694314521 0.2751422372530473 0.9088853402367678 0.3097396392921904 0.8769279006022178 0.3425345304237203
0 0.8966329966329966 0.21565656565656563 0.9272727272727274 0.21565656565656563 0.9272727272727274 0.2772727272727272 0.8966329966329966 0.2772727272727272
