0 0.10946502057613168 0.31851851851851853 0.14691358024691356 0.31851851851851853 0.14691358024691356 0.38580246913580246 0.10946502057613168 0.38580246913580246
0 0.139917695473251 0.24382716049382713 0.19012345679012346 0.24382716049382713 0.19012345679012346 0.2944444444444444 0.139917695473251 0.2944444444444444
0 0.23523177722374017 0.2239143683925532 0.27887060450478635 0.20366576163983177 0.28616739973099237 0.23904859457040975 0.2425285724499461 0.2592972013231312
0 0.13947144239166503 0.7884834167586995 0.1708910649778636 0.7627364896855109 0.191804277772944 0.8201585585499425 0.16038465518674544 0.8459054856231312
0 0.18912654644449464 0.6719329375198636 0.2070672891091925 0.6492660188948337 0.2277458815390444 0.6860917538381609 0.20980513887434651 0.7087586724631909
0 0.31440329218106994 0.7413580246913579 0.3502057613168724 0.7413580246913579 0.3502057613168724 0.825925925925926 0.31440329218106994 0.825925925925926
0 0.43949779265915295 0.8974380069309202 0.4678040590036154 0.8843037755237495 0.4798437711268552 0.942685449859203 0.45153750478239274 0.9558196812663738
0 0.4749001090555501 0.8512928210878207 0.4845797789601549 0.8542360704329326 0.48065544650000547 0.8832750801467472 0.47097577659540063 0.8803318308016352
0 0.5037037037037037 0.7345679012345678 0.5263374485596707 0.7345679012345678 0.5263374485596707 0.8043209876543209 0.5037037037037037 0.8043209876543209
0 0.9197530864197531 0.7777777777777777 0.9440329218106995 0.7777777777777777 0.9440329218106995 0.8308641975308642 0.9197530864197531 0.8308641975308642
0 0.9132756132756132 0.7926406926406926 0.9234567901234568 0.7926406926406926 0.9234567901234568 0.8153679653679654 0.9132756132756132 0.8153679653679654
0 0.8952691628081731 0.23859534142618444 0.9206591917089972 0.22681425694969315 0.9297258297258298 0.2707792207792208 0.9043358008250058 0.2825603052557121
0 0.8989498800517424 0.22420178817729805 0.9038832924983349 0.21487646782458997 0.91360423250237 0.22644756247205244 0.9086708200557777 0.23577288282476055
0 0.7838383838383839 0.11212121212121212 0.8669191919191919 0.11212121212121212 0.8669191919191919 0.17954545454545454 0.7838383838383839 0.17954545454545454
0 0.5654320987654321 0.2561728395061728 0.5791126264007368 0.23031339552609217 0.6054405705923686 0.2616522510264891 0.5917600429570637 0.28751169500656976
0 0.49423868312757196 0.35617283950617284 0.5024691358024691 0.35617283950617284 0.5024691358024691 0.38333333333333336 0.49423868312757196 0.38333333333333336
