0 0.5288065843621399 0.5376543209876543 0.5598812396368881 0.5282056042764083 0.5669392471885729 0.5804329708246917 0.5358645919138245 0.5898816875359377
0 0.5563786008230452 0.8734567901234567 0.574485596707819 0.8734567901234567 0.574485596707819 0.9086419753086419 0.5563786008230452 0.9086419753086419
0 0.6213514963844248 0.774781127799747 0.65845689768541 0.7634986719768176 0.6667143472369743 0.8246015882496358 0.629608945935989 0.835884044072565
0 0.6015089345500184 0.7943769102009905 0.6098952987339504 0.7918269099287204 0.6133246357888702 0.8172030861474827 0.6049382716049383 0.8197530864197531
0 0.8337448559670781 0.969753086419753 0.8444444444444443 0.969753086419753 0.8444444444444443 0.9981481481481481 0.8337448559670781 0.9981481481481481
0 0.9474336524572896 0.8071483375918119 0.958048502336463 0.8022230008141229 0.9636774586538215 0.8295183290748546 0.9530626087746481 0.8344436658525436
0 0.8974525885869394 0.4468960274997305 0.9120321746183019 0.4128364876384586 0.9488966177622671 0.44834206773836466 0.9343170317309042 0.4824016075996369
0 0.8553288126805786 0.48004868215976565 0.8841085455219484 0.488799593159072 0.8759410285892625 0.5492370321259485 0.8471612957478928 0.5404861211266423
0 0.896135138666896 0.22364108164620877 0.9193144910634586 0.21659305062514586 0.9271981946664374 0.2749303469252197 0.9040188422698746 0.28197837794628267
0 0.7975308641975308 0.13333333333333333 0.8601410934744268 0.13333333333333333 0.8601410934744268 0.1939153439153439 0.7975308641975308 0.1939153439153439
0 0.7776014109347443 0.18994708994708995 0.799647266313933 0.18994708994708995 0.799647266313933 0.241005291005291 0.7776014109347443 0.241005291005291
0 0.8181657848324515 0.2082010582010582 0.8125155485528207 0.20357095097940608 0.8171640839579103 0.1908073205049624 0.8228143202375413 0.19543742772661457
0 0.47921433746240977 0.9623598740894324 0.5209084565324994 0.9359178878832893 0.5314852510149565 0.97344259504637 0.489791131944867 0.9998845812525128
0 0.4426138977789198 0.8995381168104125 0.4673818808303244 0.8880456643291381 0.477962233908323 0.9393507720784763 0.4531942508569184 0.9508432245597507
0 0.4758377425044092 0.87010582010582 0.4830687830687831 0.87010582010582 0.48306878306878326 0.8923280423280423 0.4758377425044092 0.8923280423280423
0 0.45866504152061405 0.8725970437750029 0.46608414563007583 0.8632235059977347 0.4744919249696858 0.8781966070186479 0.4670728208602243 0.887570144795916
0 0.10493827160493828 0.8806878306878305 0.12239858906525575 0.8806878306878305 0.12239858906525575 0.9140211640211638 0.10493827160493828 0.9140211640211638
0 0.13103000456665956 0.854255035416996 0.15920777631144042 0.8363849791977285 0.17456225146259388 0.890860102510891 0.14638447971781304 0.9087301587301587
0 0.12398589065255733 0.23994708994708996 0.1654320987654321 0.23994708994708996 0.1654320987654321 0.2796296296296296 0.12398589065255733 0.2796296296296296
0 0.47348218640376044 0.3704568610969892 0.5159415859204541 0.3507555139862333 0.5237400358184617 0.3885709166807886 0.48128063630176815 0.4082722637915445
0 0.5561917558637488 0.26811865349320085 0.5786387824957453 0.22568844588837866 0.6141786145066217 0.26799245761791024 0.5917315878746252 0.31042266522273243
0 0.44962336672744013 0.19037077014024154 0.4730644935439479 0.2012475555243047 0.4610247814207082 0.25962922985975845 0.43758365460420034 0.24875244447569522
0 0.41421480431000784 0.1861591062174439 0.4354793323563026 0.16873380929187792 0.4536719354537024 0.21868581418554522 0.43240740740740746 0.23611111111111113
0 0.4725925925925927 0.718888888888889 0.5 0.718888888888889 0.5 0.7711111111111112 0.4725925925925927 0.7711111111111112
0 0.7677670073286291 0.5494948855198908 0.778232364725491 0.5463127360655975 0.7820165424549207 0.5743146382896329 0.7715511850580589 0.5774967877439262
