0 0.12222222222222222 0.23484848484848483 0.16767676767676767 0.23484848484848483 0.16767676767676767 0.28484848484848485 0.12222222222222222 0.28484848484848485
0 0.44308059917950904 0.18584418887327547 0.4707996539063321 0.19427258472518716 0.4619699058709959 0.25961035658126996 0.43425085114417306 0.2511819607293583
0 0.5590274330451008 0.2664602661107899 0.5736850053383127 0.22326235603842784 0.6136474712831108 0.253771786897335 0.598989898989899 0.29696969696969694
0 0.7818181818181817 0.11666666666666667 0.8767676767676768 0.11666666666666667 0.8767676767676768 0.19696969696969696 0.7818181818181817 0.19696969696969696
0 0.8959606302546507 0.22440950317689454 0.9236796849814738 0.2159811073249828 0.9303019960079756 0.26498443621704487 0.9025829412811527 0.27341283206895656
0 0.7945856833097319 0.36175227169963536 0.8213147717963112 0.3698796534139788 0.8124850237609752 0.43521742527006163 0.7857559352743959 0.42709004355571817
0 0.8540749201117258 0.4664286156915441 0.8907036710007421 0.47756613878157034 0.8802685142317086 0.5547835055205772 0.8436397633426923 0.543645982430551
0 0.9181818181818182 0.40909090909090906 0.9505050505050504 0.40909090909090906 0.9505050505050504 0.49242424242424243 0.9181818181818182 0.49242424242424243
0 0.48360765839921016 0.7714662286635439 0.5121212121212121 0.7757575757575759 0.5079292356016981 0.8384274848585463 0.4794156818796963 0.8341361377645142
0 0.4422789462235769 0.9020079248365785 0.4652777876284526 0.8913363618182525 0.4751284611838306 0.9391031862745328 0.4521296197789548 0.9497747492928588
0 0.40408543069110975 0.8538092695322506 0.42533104700456786 0.8269668658973469 0.4510997544940756 0.8728573971344165 0.42985413818061746 0.8996998007693201
0 0.47481481481481486 0.8666666666666667 0.4825925925925927 0.8666666666666667 0.4825925925925927 0.8905555555555557 0.47481481481481486 0.8905555555555557
0 0.4691793244997651 0.8380469337546133 0.4781652854168664 0.8437457387640083 0.47120007929427266 0.8684571312860371 0.46221411837717147 0.8627583262766422
0 0.5387827484404095 0.8541517178685705 0.5568435959453429 0.8486600453100078 0.5593202325894007 0.8669864935135432 0.5412593850844672 0.8724781660721058
0 0.6536636139315055 0.7748384510617251 0.6609770511433007 0.7688454276245451 0.6674760388378116 0.7866899033920884 0.6601626016260163 0.7926829268292683
0 0.17154471544715447 0.9166666666666666 0.2159891598915989 0.9166666666666666 0.2159891598915989 0.9764227642276422 0.17154471544715447 0.9764227642276422
0 0.15786086554130066 0.8546767863563965 0.18563562247791893 0.8195852537995467 0.21287084177577256 0.8680874412858801 0.18509608483915424 0.9031789738427298
0 0.9578973705004517 0.8069238230744502 0.969629041697778 0.7994837165344072 0.977332981803071 0.8268160143239238 0.9656013106057447 0.8342561208639669
0 0.6081885073008654 0.7738065930794822 0.6156131819801912 0.778515246238116 0.6112014709126422 0.7941672631296681 0.6037767962333164 0.7894586099710343
0 0.6632275485529604 0.7064246766720267 0.6690468881664862 0.702734110682827 0.6733737586365822 0.7180851272495419 0.6675544190230565 0.7217756932387415
