0 0.9285025724709048 0.4135259767486757 0.9599708395985123 0.43931276577299794 0.9357357357357358 0.5058558558558558 0.9042674686081282 0.4800690668315335
0 0.7761796252855704 0.1889800919571602 0.7972408353632954 0.17920759835063443 0.8072999887822792 0.22798536089064553 0.7862387787045543 0.2377578544971713
0 0.4888888888888889 0.7431818181818182 0.4618178743669595 0.7239859934132696 0.4722222222222222 0.6909722222222223 0.4992932367441516 0.7101680469907712
0 0.4433958704060169 0.8939016458081387 0.4715696685294507 0.8853349783811157 0.47840673989494864 0.9359274762932793 0.45023294177151496 0.9444941437203023
0 0.47319912173762746 0.8746954649523586 0.4809968241568043 0.8710772969194784 0.48452221865037975 0.8881722599153663 0.4767245162312029 0.8917904279482464
0 0.22219559014140042 0.23261502531957487 0.23777633450496524 0.29272908065259323 0.21417125289210934 0.3064948408491146 0.19859050852854448 0.24638078551609602
0 0.30444206800446816 0.5876539694636606 0.3238281944637188 0.5847363185017165 0.32656784662209143 0.6256940268605872 0.30718172016284073 0.6286116778225312
0 0.9240900762101258 0.21395720671208399 0.9270218649917679 0.27597078392159496 0.9006331087324014 0.27877781573380594 0.8977013199507593 0.21676423852429405
0 0.4347253017984724 0.6317766075388027 0.4194806615579616 0.6180199216341078 0.4251293422025129 0.6039356984478936 0.4403739824430236 0.6176923843525884
0 0.562198307092331 0.23558023557157792 0.5966965691996446 0.21957289104408878 0.6101044304277979 0.28458884655402594 0.5756061683204843 0.3005961910815151
0 0.867812349551116 0.23972505529129107 0.873616795701109 0.232391528970547 0.8817464751355 0.24686937222998073 0.8759420289855071 0.25420289855072464
0 0.9300653594771241 0.6019607843137255 0.9097055411323064 0.6541790318303012 0.886802912977652 0.6340872040726917 0.9071627313224698 0.5818689565561158
0 0.6251695062906462 0.5156239377662439 0.6512134660312817 0.3749044210614608 0.7192759481846208 0.40324723604375123 0.6932319884439855 0.5439667527485341
0 0.43749187770644815 0.8769649453233181 0.44545301511582824 0.8806589479065848 0.44051673314529993 0.9045954343841205 0.4325555957359199 0.9009014318008538
0 0.16108064724301446 0.35128257546549313 0.16729249446261463 0.3273158561120503 0.1769087707464035 0.33292377374085597 0.17069692352680332 0.35689049309429893
0 0.4155210432871216 0.5368657037439022 0.42232595948824914 0.4776845345022892 0.4516197310159424 0.4852632752028314 0.44481481481481483 0.5444444444444445
0 0.7143739861634686 0.3842393572064553 0.6819328194433443 0.3773027929525799 0.6877979598888929 0.3155846307398479 0.7202391266090172 0.3225211949937233
0 0.16205666614881664 0.28831776721570335 0.1914329795998822 0.2838965730499153 0.1951727710806206 0.3398063309083947 0.16579645762955497 0.34422752507418286
0 0.9603603603603603 0.5739130434782608 0.969806763285024 0.5739130434782608 0.969806763285024 0.5977477477477477 0.9603603603603603 0.5977477477477477
0 0.273398516164195 0.9117604213471676 0.27423071853675623 0.929363274051945 0.2538027166324467 0.9315362469136327 0.2529705142598855 0.9139333942088553
0 0.40216802168021676 0.38048780487804873 0.4118614705340035 0.3904352726190284 0.4013645224171539 0.4134502923976608 0.39167107356336706 0.403502824656681
0 0.9424424424424425 0.3974209503621269 0.9568215274097626 0.3974209503621269 0.9568215274097626 0.42715951245363015 0.9424424424424427 0.42715951245363004
0 0.1411144753312998 0.8415032128840105 0.1825558740872341 0.8754625218684752 0.15170395285298205 0.9601736163842821 0.11026255409704784 0.9262143073998176
0 0.5088650912285372 0.43995243118767 0.5290990115270686 0.4655166251256736 0.5017169193534734 0.5142803730451343 0.481482999054942 0.48871617910713067
0 0.4085225472376806 0.34689462308659713 0.4214092140921409 0.35081300813008126 0.4196372535313248 0.3639250419499878 0.4067505866768645 0.3600066569065037
0 0.17804878048780487 0.43739837398373976 0.23808542523754508 0.39932374456976666 0.2623181389807019 0.4852973813353234 0.2022814942309617 0.5233720107492966
0 0.43302739748615243 0.7827396615664574 0.4587918426076714 0.7563000536852611 0.48249288470079654 0.8082656294388337 0.4567284395792775 0.83470523732003
0 0.675932148231332 0.8654212573339308 0.6907592401260504 0.8723010928329251 0.687736282103765 0.8869596950470217 0.6729091902090466 0.8800798595480274
0 0.22817498515741494 0.5091824368811977 0.2506763865421337 0.5057959307870993 0.25169429588833664 0.5210136415501749 0.22919289450361788 0.5244001476442733
0 0.8411302581679734 0.720687622234213 0.8541689714053832 0.7146376022553194 0.8561339351592119 0.724165892698042 0.8430952219218022 0.7302159126769356
0 0.9603603603603603 0.7355855855855855 0.9687687687687687 0.7355855855855855 0.9687687687687687 0.7576576576576577 0.9603603603603603 0.7576576576576577
0 0.6181065772959605 0.17472494045111903 0.6421053683271352 0.18586048447024195 0.6369658864721554 0.21078230592569253 0.6129670954409807 0.19964676190656958
0 0.8290402088369478 0.7109793690942112 0.8335303522611607 0.6977462901114809 0.8463133265165874 0.7075054793906373 0.8418231830923745 0.7207385583733676
