0 0.9447264008781765 0.3724335424278996 0.9743212022424615 0.402803881851202 0.9457783569282472 0.465385323821999 0.9161835555639621 0.4350149843986963
0 0.7761796252855704 0.1889800919571602 0.7972408353632954 0.17920759835063443 0.8072999887822792 0.22798536089064553 0.7862387787045543 0.2377578544971713
0 0.4355772667013678 0.8921736734485268 0.46304015340020904 0.8794307738862165 0.4732102825026952 0.9287466677492254 0.4457473958038541 0.9414895673115357
0 0.950031786706589 0.3089969118805954 0.9524852657483683 0.3608932193301702 0.9257721672580558 0.3637347521605931 0.9233186882162764 0.3118384447110184
0 0.33497503538863294 0.21659875684040594 0.3619835136475493 0.18787073719597475 0.3767359168603541 0.21907685318780037 0.3497274386014377 0.24780487283223154
0 0.2683127572016461 0.8635802469135802 0.2677126326282459 0.894395923070078 0.25473251028806587 0.893827160493827 0.25533263486146596 0.8630114843373291
0 0.7877777777777778 0.4043333333333333 0.8020083200947308 0.4812231403070457 0.737888852872584 0.5079239913301689 0.7236583105556311 0.43103418435645646
0 0.4676767676767677 0.6904040404040404 0.5089075437119568 0.7029408785152553 0.5033670033670034 0.7439393939393938 0.46213622733181436 0.7314025558281789
0 0.9256245751102675 0.8623923245057399 0.9247619047619046 0.8180952380952381 0.9467563772706845 0.8171314850180695 0.9476190476190475 0.8614285714285714
0 0.3540740740740741 0.8066666666666666 0.34088138193177747 0.8914876627387059 0.29383755924885285 0.8750244275512483 0.3070302513911495 0.7902034314792094
0 0.841883995649078 0.7522851219339783 0.8661904635557219 0.7635634293692253 0.8538637499633616 0.8233368002944715 0.8295572820567175 0.8120584928592248
0 0.27747786728334745 0.39062577885342464 0.30321698952968307 0.39845214643019977 0.29524940544392525 0.4574101358491567 0.26951028319758963 0.44958376827238156
0 0.7815008528050603 0.6820590765574487 0.7885847270873472 0.6686688729740728 0.8019749306707229 0.6846075901092182 0.7948910563884362 0.6979977936925942
0 0.3149328805769407 0.6270167462160515 0.26972284735345753 0.6309821535702851 0.26556039366135126 0.5242048494937057 0.31077042688483425 0.520239442139472
0 0.6972692871142763 0.9966863156133072 0.685423455668621 0.9446754599375019 0.7274839745508174 0.9231214194564699 0.7393298059964726 0.9751322751322752
0 0.8851470821493175 0.3620646377704512 0.8922445055504777 0.3631328142448618 0.8909846050934808 0.3819682840402483 0.8838871816923206 0.38090010756583775
0 0.5841616694774707 0.5623975356399425 0.5935840574062399 0.5609794473353 0.5950588692430681 0.58302783508862 0.5856364813142989 0.5844459233932625
0 0.32476882055902895 0.8975546529527949 0.36391284169530536 0.8916633991655737 0.3682980267761111 0.9572217698114327 0.3291540056398347 0.963113023598654
0 0.971020388253783 0.8666508361283692 0.9701189482138485 0.9129386996426727 0.9356411666722723 0.9114279533385102 0.9365426067122066 0.8651400898242069
0 0.8553968253968253 0.39 0.8679365079365079 0.39 0.8679365079365079 0.42047619047619045 0.8553968253968253 0.42047619047619045
0 0.38860124785036043 0.5315062705936173 0.37257920611911516 0.528080440600946 0.37595280752102483 0.49258044183754107 0.3919748492522702 0.4960062718302123
0 0.6359111461214281 0.8201109733440988 0.6447493225078269 0.8089445334319789 0.655199964989683 0.8275556933225678 0.6463617886032842 0.8387221332346877
0 0.6031111111111112 0.8173333333333334 0.6222222222222222 0.8173333333333334 0.6222222222222222 0.8346666666666667 0.6031111111111112 0.8346666666666667
0 0.6993333333333334 0.8026666666666666 0.7215555555555555 0.8026666666666666 0.7215555555555555 0.8233333333333334 0.6993333333333334 0.8233333333333334
0 0.8162222222222222 0.328 0.8276255389130852 0.2840034107139656 0.8721220365965181 0.3099524045256035 0.8607187199056552 0.3539489938116379
0 0.729900658242597 0.4362972967805039 0.7393449047470809 0.4508835372954609 0.7227660084240697 0.47503603655282944 0.7133217619195857 0.46044979603787245
0 0.736 0.6423333333333333 0.7771111111111111 0.6423333333333333 0.7771111111111111 0.716 0.736 0.716
0 0.7839173930956709 0.6057307030728365 0.790574812762766 0.6160128070423961 0.7794159402376625 0.6322692969271635 0.7727585205705674 0.6219871929576039
0 0.9622222222222222 0.503 0.9788888888888889 0.503 0.9788888888888889 0.5476666666666666 0.9622222222222222 0.5476666666666666
0 0.13004657698506744 0.22304010690333254 0.15002747087527618 0.23231132907310006 0.13766584131558615 0.2922540107437263 0.11768494742537741 0.2829827885739588
