0 0.9054105354352407 0.4399707019610978 0.9260491341397428 0.4138952241443343 0.9542720042472991 0.4641562821658862 0.9336334055427966 0.49023175998265
0 0.7761796252855704 0.1889800919571602 0.7972408353632954 0.17920759835063443 0.8072999887822792 0.22798536089064553 0.7862387787045543 0.2377578544971713
0 0.4888888888888889 0.7431818181818182 0.4618178743669595 0.7239859934132696 0.4722222222222222 0.6909722222222223 0.4992932367441516 0.7101680469907712
0 0.4426138977789198 0.8995381168104125 0.47007678447776075 0.8867952172481024 0.48024691358024696 0.9361111111111111 0.452784026881406 0.9488540106734212
0 0.4758377425044092 0.87010582010582 0.484 0.87010582010582 0.484 0.888 0.4758377425044092 0.888
0 0.22219559014140042 0.23261502531957487 0.23777633450496524 0.29272908065259323 0.21417125289210934 0.3064948408491146 0.19859050852854448 0.24638078551609602
0 0.30444206800446816 0.5876539694636606 0.3238281944637188 0.5847363185017165 0.32656784662209143 0.6256940268605872 0.30718172016284073 0.6286116778225312
0 0.9240900762101258 0.21395720671208399 0.9270218649917679 0.27597078392159496 0.9006331087324014 0.27877781573380594 0.8977013199507593 0.21676423852429405
0 0.4661616161616161 0.6740530303030303 0.45091697592110525 0.6602963443983354 0.45656565656565656 0.6462121212121212 0.4718102968061674 0.659968807116816
0 0.5561917558637488 0.26811865349320085 0.5786387824957453 0.22568844588837866 0.6141786145066217 0.26799245761791024 0.5917315878746252 0.31042266522273243
0 0.44962336672744013 0.19037077014024154 0.4730644935439479 0.2012475555243047 0.4610247814207082 0.25962922985975845 0.43758365460420034 0.24875244447569522
0 0.867812349551116 0.23972505529129107 0.873616795701109 0.232391528970547 0.8817464751355 0.24686937222998073 0.8759420289855071 0.25420289855072464
0 0.7779375832017067 0.4996390371079652 0.8020862919342492 0.5244205678847473 0.7924664572023338 0.5455124780435502 0.7683177484697914 0.5207309472667682
0 0.648106165926714 0.664083257230469 0.6166303628091724 0.5258841396137044 0.6834737914725294 0.4916300218426842 0.7149495945900711 0.6298291394594483
0 0.4366013071895425 0.8795751633986928 0.44493464052287585 0.8795751633986928 0.44493464052287585 0.9046307189542483 0.4366013071895425 0.9046307189542483
0 0.16108064724301446 0.35128257546549313 0.16729249446261463 0.3273158561120503 0.1769087707464035 0.33292377374085597 0.17069692352680332 0.35689049309429893
0 0.5117092067072887 0.5954391890607079 0.5474167390116335 0.6062966017727192 0.5417560009245858 0.6481845483130296 0.506048468620241 0.6373271356010184
0 0.4155210432871216 0.5368657037439022 0.42232595948824914 0.4776845345022892 0.4516197310159424 0.4852632752028314 0.44481481481481483 0.5444444444444445
0 0.7434571451621013 0.3496284723522762 0.7232509235731371 0.33530041351495343 0.7360900747073322 0.2945608300515663 0.7562962962962964 0.30888888888888894
0 0.42291488845479513 0.3023301514203319 0.4266523845863917 0.29131522899260637 0.4388911872838646 0.3006589693215978 0.4351536911522681 0.31167389174932336
0 0.16205666614881664 0.28831776721570335 0.1914329795998822 0.2838965730499153 0.1951727710806206 0.3398063309083947 0.16579645762955497 0.34422752507418286
0 0.9541856169199042 0.5774544015215802 0.9664157700415603 0.5717795569733733 0.9726259772829944 0.6018934245653762 0.9603958241613382 0.6075682691135831
0 0.2766884531590414 0.9225490196078431 0.28845315904139435 0.9225490196078431 0.28845315904139435 0.9532679738562091 0.2766884531590414 0.9532679738562091
0 0.739278087191974 0.2595914137421218 0.7569695036572629 0.26780030837160335 0.7488700609561743 0.30707525292454496 0.7311786444908853 0.29886635829506336
0 0.6824399184826736 0.17040145711837193 0.6869542799255406 0.17249614057555004 0.6844821760256278 0.18448360035289238 0.6799678145827608 0.1823889168957143
0 0.9438066867469516 0.4250262846874658 0.9556742576802931 0.41284772153580845 0.966868694516665 0.437392015966129 0.9550011235833235 0.44957057911778625
0 0.16805555555555557 0.8277777777777778 0.2152777777777778 0.8277777777777778 0.2152777777777778 0.9243055555555556 0.16805555555555557 0.9243055555555556
