0 0.602579365079365 0.8303438490081987 0.6143518518518519 0.8303438490081987 0.6143518518518519 0.8458333333333333 0.602579365079365 0.8458333333333333
0 0.9242227178815254 0.7469567926014306 0.9239866221073597 0.7348335581246526 0.937495590828924 0.7342416225749557 0.9377316866030896 0.7463648570517336
0 0.9054105354352407 0.4399707019610978 0.9260491341397428 0.4138952241443343 0.9542720042472991 0.4641562821658862 0.9336334055427966 0.49023175998265
0 0.9318829816196141 0.8056923790865359 0.9679012345679014 0.8224050060133069 0.9550086157690835 0.8849225034699809 0.9189903628207956 0.8682098765432098
0 0.896135138666896 0.22364108164620877 0.9193144910634586 0.21659305062514586 0.9271981946664374 0.2749303469252197 0.9040188422698746 0.28197837794628267
0 0.7776014109347443 0.18994708994708995 0.799647266313933 0.18994708994708995 0.799647266313933 0.241005291005291 0.7776014109347443 0.241005291005291
0 0.8181657848324515 0.2082010582010582 0.8125155485528207 0.20357095097940608 0.8171640839579103 0.1908073205049624 0.8228143202375413 0.19543742772661457
0 0.48993269460427835 0.7314902471954079 0.4650201394862873 0.7138249675216676 0.4722222222222222 0.6909722222222223 0.4971347773402134 0.7086375018959628
0 0.4426138977789198 0.8995381168104125 0.47007678447776075 0.8867952172481024 0.48024691358024696 0.9361111111111111 0.452784026881406 0.9488540106734212
0 0.4758377425044092 0.87010582010582 0.484 0.87010582010582 0.484 0.888 0.4758377425044092 0.888
0 0.22219559014140042 0.23261502531957487 0.23777633450496524 0.29272908065259323 0.21417125289210934 0.3064948408491146 0.19859050852854448 0.24638078551609602
0 0.13851614207854224 0.8454317472414383 0.1579022685377929 0.8425140962794943 0.1606419206961655 0.8834718046383652 0.14125579423691478 0.8863894556003091
0 0.8030708579728187 0.13308434484905074 0.8445170660856935 0.13308434484905074 0.8445170660856935 0.17276688453159045 0.8030708579728187 0.17276688453159045
0 0.5724562674682704 0.9958522917224658 0.5343723228740952 0.9614855336010345 0.5479758312971618 0.9275670204468466 0.5860597758913372 0.9619337785682777
0 0.5561917558637488 0.26811865349320085 0.5786387824957453 0.22568844588837866 0.6141786145066217 0.26799245761791024 0.5917315878746252 0.31042266522273243
0 0.44962336672744013 0.19037077014024154 0.4730644935439479 0.2012475555243047 0.4610247814207082 0.25962922985975845 0.43758365460420034 0.24875244447569522
0 0.8435392887498211 0.24626292846538597 0.8552797900524413 0.2426930523114703 0.8585571473088791 0.2669446187044254 0.8468166460062588 0.270514494858341
0 0.4725925925925927 0.718888888888889 0.5018518518518519 0.718888888888889 0.5018518518518519 0.7444444444444445 0.4725925925925927 0.7444444444444445
0 0.6345672104281009 0.5294248019256519 0.6787297930669032 0.3992715108327102 0.7416816583067203 0.4473322481912726 0.6975190756679183 0.5774855392842143
0 0.47037037037037044 0.8527777777777779 0.4787037037037038 0.8527777777777779 0.4787037037037038 0.8778333333333334 0.47037037037037044 0.8778333333333334
0 0.9711934156378601 0.7117283950617284 0.994238683127572 0.7117283950617284 0.994238683127572 0.7734567901234568 0.9711934156378601 0.7734567901234568
0 0.13868312757201645 0.3907407407407407 0.16460905349794236 0.3907407407407407 0.16460905349794236 0.4166666666666667 0.13868312757201645 0.4166666666666667
