0 0.8810715332624193 0.42166353134786444 0.9140988456302364 0.4007179457944745 0.9337840588948384 0.47055780742950665 0.9007567465270215 0.49150339298289636
0 0.7761796252855704 0.1889800919571602 0.7972408353632954 0.17920759835063443 0.8072999887822792 0.22798536089064553 0.7862387787045543 0.2377578544971713
0 0.4888888888888889 0.7431818181818182 0.4618178743669595 0.7239859934132696 0.4722222222222222 0.6909722222222223 0.4992932367441516 0.7101680469907712
0 0.4433958704060169 0.8939016458081387 0.4715696685294507 0.8853349783811157 0.47840673989494864 0.9359274762932793 0.45023294177151496 0.9444941437203023
0 0.47319912173762746 0.8746954649523586 0.4809968241568043 0.8710772969194784 0.48452221865037975 0.8881722599153663 0.4767245162312029 0.8917904279482464
0 0.22219559014140042 0.23261502531957487 0.23777633450496524 0.29272908065259323 0.21417125289210934 0.3064948408491146 0.19859050852854448 0.24638078551609602
0 0.3154934131981581 0.5900511226232742 0.33458850373097654 0.5958572723431975 0.32913657311298933 0.6362000995074253 0.31004148258017084 0.630393949787502
0 0.9240900762101258 0.21395720671208399 0.9270218649917679 0.27597078392159496 0.9006331087324014 0.27877781573380594 0.8977013199507593 0.21676423852429405
0 0.39914798927504885 0.5178797996401027 0.40217182164072607 0.4915820569931392 0.41297002921153325 0.4943757162231368 0.40994619684585604 0.5206734588701002
0 0.5659816278180988 0.24688197705455694 0.5613289099685383 0.19316679982171436 0.6063211097020301 0.18439821618215796 0.6109738275515906 0.23811339341500054
0 0.867812349551116 0.23972505529129107 0.873616795701109 0.232391528970547 0.8817464751355 0.24686937222998073 0.8759420289855071 0.25420289855072464
0 0.5740740740740741 0.5872222222222222 0.5909797165419861 0.5552665458038615 0.6257649306962992 0.5966723157340057 0.6088592882283872 0.6286279921523664
0 0.43749187770644815 0.8769649453233181 0.44545301511582824 0.8806589479065848 0.44051673314529993 0.9045954343841205 0.4325555957359199 0.9009014318008538
0 0.3194495547986209 0.4354228025313429 0.3301593136474736 0.37755632968144515 0.35880233061555417 0.3894839541931685 0.34809257176670144 0.4473504270430664
0 0.9603603603603603 0.5739130434782608 0.969806763285024 0.5739130434782608 0.969806763285024 0.5977477477477477 0.9603603603603603 0.5977477477477477
0 0.263948117030154 0.8967316922986306 0.2742726177582761 0.9051921429798812 0.26445431696768895 0.9321505615477552 0.2541298162395668 0.9236901108665048
0 0.8604938271604938 0.4975308641975308 0.8828921899899361 0.4629375372215344 0.9106195484869827 0.5033313603362373 0.8882211856575403 0.5379246873122333
0 0.13588581810319741 0.8300612705237842 0.18871214071158596 0.8300612705237843 0.1887121407115859 0.8857662666845507 0.1358858181031974 0.8857662666845507
0 0.14338042011804567 0.6641189171984404 0.16659689000932543 0.6450940942379563 0.1869745892692218 0.7010457866759405 0.16375811937794216 0.7200706096364249
0 0.1785627246532764 0.4471079847955615 0.23954686910425096 0.4084324607089308 0.2645021645021645 0.4969696969696969 0.2035180200511899 0.5356452210563276
0 0.43302739748615243 0.7827396615664574 0.4587918426076714 0.7563000536852611 0.48249288470079654 0.8082656294388337 0.4567284395792775 0.83470523732003
0 0.7909475882799268 0.7879688078859113 0.8070370370370371 0.8255555555555557 0.8238100634553641 0.809400800940437 0.8077206146982537 0.7718140532707927
0 0.15643303787279353 0.5251507694967767 0.1789344392575123 0.528537275590875 0.17791652991130932 0.5437549863539507 0.15541512852659053 0.5403684802598524
0 0.879256789210294 0.6783497675038976 0.8822814421365226 0.6520448885849472 0.8937037037037038 0.655 0.8906790507774753 0.6813048789189503
0 0.9644403039670738 0.899430734270756 0.9980708423322331 0.9150354511861025 0.9844444444444445 0.9811111111111112 0.9508139060792851 0.9655063941957648
0 0.6376158377893549 0.16929883153814987 0.679835390946502 0.18888888888888888 0.6718491827867766 0.2276147487087637 0.6296296296296295 0.20802469135802468
0 0.7994105792073182 0.6726460357608779 0.803900722631531 0.6594129567781476 0.8166836968869577 0.6691721460573039 0.8121935534627448 0.6824052250400343
0 0.17062801792663537 0.4287322323441503 0.18206999896522486 0.4234231030902778 0.1868034395048221 0.44637599276407475 0.17536145846623258 0.4516851220179473
