0 0.16688041993771777 0.6312594410421544 0.2785419984855851 0.6480647328443705 0.26534180228450444 0.8454072256245122 0.15368022373663714 0.8286019338222962
0 0.17134502923976608 0.9973684210526316 0.08888888888888889 0.9973684210526316 0.08888888888888889 0.8526315789473685 0.17134502923976608 0.8526315789473685
0 0.5296827491867293 0.888197743998865 0.5507047274337297 0.8616378919811709 0.5808435666027445 0.9153110279309595 0.5598215883557441 0.9418708799486537
0 0.6201043676129435 0.8540382003756899 0.6464973434644882 0.8707763571942199 0.6225856908665885 0.9556109224313274 0.596192715015044 0.9388727656127976
0 0.6709097870932252 0.8243929272311862 0.7280047960781996 0.8606020011651485 0.7138855345442017 0.9106947920670595 0.6567905255592273 0.8744857181330972
0 0.5910757287678983 0.4657968497102268 0.62738968888086 0.48264668605495226 0.6071698852671894 0.5806943783599487 0.5708559251542277 0.563844542015223
0 0.7771750953120237 0.4837365756680562 0.7978993260285051 0.4741204419592347 0.8057173209137258 0.5120306200991398 0.7849930901972444 0.5216467538079612
0 0.6010941961209276 0.29381652418779663 0.6334519498020352 0.303655386284314 0.6249375499108183 0.3666596662883938 0.5925797962297108 0.3568208041918765
0 0.7625458309995833 0.26143824012301825 0.7697252443758088 0.2478674449781562 0.7843839935618201 0.26531614584189417 0.7772045801855947 0.2788869409867562
0 0.5456401856029398 0.22567902842923096 0.552443632886892 0.22670296090765996 0.5514538314910773 0.24150045875025622 0.5446503842071251 0.24047652627182722
0 0.5162821310121442 0.19836805763674334 0.5222962747070307 0.19076959260778592 0.5305554758254628 0.20547809620941063 0.5245413321305762 0.21307656123836805
0 0.3349225616387599 0.18888999102586282 0.36058631241183164 0.17261430133450134 0.3739663272501289 0.22008436794849615 0.34830257647705715 0.23636005763985762
