0 0.6170669180946187 0.7451277535306756 0.6422657952069717 0.7062091503267973 0.6702258629049144 0.7469419893019241 0.6450269857925615 0.7858605925058025
0 0.5711731679899945 0.56227468507136 0.5800478747135382 0.5361196864608615 0.6058799721066235 0.5558412569576254 0.5970052653830797 0.581996255568124
0 0.7854700854700855 0.12179487179487179 0.8615384615384615 0.12179487179487179 0.8615384615384615 0.1846153846153846 0.7854700854700855 0.1846153846153846
0 0.5046270316091013 0.24877848403649508 0.530748764875603 0.22197222519854892 0.5526120256299561 0.26990838465037365 0.5264902923634543 0.29671464348831983
0 0.5617155589353191 0.26420061104215226 0.5775425961779211 0.22722688595210846 0.6089915117717517 0.2575165606750192 0.5931644745291497 0.2944902857650631
0 0.4922558922558922 0.3555555555555555 0.504040404040404 0.3555555555555555 0.504040404040404 0.37878787878787873 0.4922558922558922 0.37878787878787873
0 0.3821450378645376 0.185787106719148 0.40969814452274356 0.20326100669453614 0.3951199194004197 0.25498212405008275 0.3675668127422137 0.2375082240746946
0 0.12372372372372373 0.31891891891891894 0.14354354354354354 0.31891891891891894 0.14354354354354354 0.37432432432432433 0.12372372372372373 0.37432432432432433
0 0.11561561561561562 0.25810810810810814 0.16036036036036036 0.25810810810810814 0.16036036036036036 0.3022522522522523 0.11561561561561562 0.3022522522522523
0 0.16297783124365672 0.20505811687477418 0.20388751722561846 0.21749732272185232 0.19768282941700396 0.2634103515936943 0.1567731434350422 0.25097114574661616
0 0.16216216216216214 0.7954954954954956 0.1963963963963964 0.7954954954954956 0.1963963963963964 0.8554054054054054 0.16216216216216214 0.8554054054054054
0 0.36001400951499807 0.7699379237916077 0.38620798111495924 0.7779025951613195 0.37361962411863553 0.8710530671993834 0.3474256525186744 0.8630883958296716
0 0.44004836534744873 0.894034541892199 0.46414694345151797 0.882852696234743 0.4734651481660649 0.9280375301798731 0.44936657006199554 0.9392193758373292
0 0.5042042042042042 0.745945945945946 0.524024024024024 0.745945945945946 0.524024024024024 0.795045045045045 0.5042042042042042 0.795045045045045
0 0.9413176651578073 0.8336027930003845 0.956766228713606 0.7880737213450721 1.000034991847024 0.8211073519271519 0.984586428291225 0.8666364235824643
0 0.9195480994291352 0.6590028284856829 0.9313717467687984 0.6440644473323454 0.9369736397012999 0.6540406497751865 0.9251499923616366 0.6689790309285241
0 0.8928180480821029 0.23217983675679904 0.9198166879921743 0.2196523497352858 0.9310949953961578 0.27434190237363565 0.9040963554860864 0.28686938939514894
