0 0.9447264008781765 0.3724335424278996 0.9743212022424615 0.402803881851202 0.9457783569282472 0.465385323821999 0.9161835555639621 0.4350149843986963
0 0.7761796252855704 0.1889800919571602 0.7972408353632954 0.17920759835063443 0.8072999887822792 0.22798536089064553 0.7862387787045543 0.2377578544971713
0 0.4355772667013678 0.8921736734485268 0.46304015340020904 0.8794307738862165 0.4732102825026952 0.9287466677492254 0.4457473958038541 0.9414895673115357
0 0.950031786706589 0.3089969118805954 0.9524852657483683 0.3608932193301702 0.9257721672580558 0.3637347521605931 0.9233186882162764 0.3118384447110184
0 0.33497503538863294 0.21659875684040594 0.3619835136475493 0.18787073719597475 0.3767359168603541 0.21907685318780037 0.3497274386014377 0.24780487283223154
0 0.2683127572016461 0.8635802469135802 0.2677126326282459 0.894395923070078 0.25473251028806587 0.893827160493827 0.25533263486146596 0.8630114843373291
0 0.492962026787251 0.7627220815532815 0.5124948973299428 0.7597823453120985 0.5152263374485596 0.8006172839506173 0.49569346690586774 0.8035570201918001
0 0.7664356953045532 0.3655239263578024 0.8107755255846789 0.41102569131318867 0.7674952318550305 0.5059196362126538 0.7231554015749049 0.4604178712572676
0 0.4676767676767677 0.6904040404040404 0.5089075437119568 0.7029408785152553 0.5033670033670034 0.7439393939393938 0.46213622733181436 0.7314025558281789
0 0.9256245751102675 0.8623923245057399 0.9247619047619046 0.8180952380952381 0.9467563772706845 0.8171314850180695 0.9476190476190475 0.8614285714285714
0 0.3540740740740741 0.8066666666666666 0.34088138193177747 0.8914876627387059 0.29383755924885285 0.8750244275512483 0.3070302513911495 0.7902034314792094
0 0.8352173289824113 0.7646184552673116 0.8595237968890553 0.7758967627025586 0.8471970832966949 0.8356701336278048 0.8228906153900509 0.8243918261925581
0 0.27747786728334745 0.39062577885342464 0.30321698952968307 0.39845214643019977 0.29524940544392525 0.4574101358491567 0.26951028319758963 0.44958376827238156
0 0.7815008528050603 0.6820590765574487 0.7885847270873472 0.6686688729740728 0.8019749306707229 0.6846075901092182 0.7948910563884362 0.6979977936925942
0 0.2713186502485429 0.6645886979507741 0.2610292903334401 0.5984343643599329 0.3304709202860454 0.574132897758983 0.3407602802011483 0.6402872313498242
0 0.5802311404838543 0.8299283070366854 0.6628411037440861 0.7915969227137224 0.6927292579017115 0.9365273383795737 0.6101192946414795 0.974858722702537
0 0.8851470821493175 0.3620646377704512 0.8922445055504777 0.3631328142448618 0.8909846050934808 0.3819682840402483 0.8838871816923206 0.38090010756583775
0 0.5790185898427345 0.5860134307620257 0.5796884497070119 0.5718444678841272 0.5944241711000265 0.5734119399665367 0.593754311235749 0.5875809028444351
0 0.5069051575870108 0.4899352798071236 0.5181231239365918 0.4847300943488841 0.5199887818069284 0.4937768414049976 0.5087708154573476 0.49898202686323717
0 0.18102981029810297 0.751219512195122 0.19918699186991867 0.751219512195122 0.19918699186991867 0.7922764227642275 0.18102981029810297 0.7922764227642275
0 0.9415734616552559 0.7823837852121244 0.9549178443605026 0.788575637161219 0.9485852685034739 0.8192828814545422 0.9352408857982274 0.8130910295054474
0 0.8553968253968253 0.39 0.8679365079365079 0.39 0.8679365079365079 0.42047619047619045 0.8553968253968253 0.42047619047619045
0 0.6266371798558223 0.22798432401443958 0.6507454437665655 0.19075012691536916 0.684791391572749 0.2403490093188937 0.660683127662006 0.2775832064179641
0 0.5772594617193718 0.1587682279632727 0.5962984284458247 0.1828226786378443 0.573015873015873 0.22428571428571425 0.5539769062894203 0.2002312636111427
0 0.3518131926793528 0.45521652616931413 0.356220722038052 0.4449200457644917 0.3690025597819694 0.4572307312146519 0.3645950304232701 0.4675272116194743
