0 0.8810715332624193 0.42166353134786444 0.9140988456302364 0.4007179457944745 0.9337840588948384 0.47055780742950665 0.9007567465270215 0.49150339298289636
0 0.7761796252855704 0.1889800919571602 0.7972408353632954 0.17920759835063443 0.8072999887822792 0.22798536089064553 0.7862387787045543 0.2377578544971713
0 0.4888888888888889 0.7431818181818182 0.4618178743669595 0.7239859934132696 0.4722222222222222 0.6909722222222223 0.4992932367441516 0.7101680469907712
0 0.4355772667013678 0.8921736734485268 0.46304015340020904 0.8794307738862165 0.4732102825026952 0.9287466677492254 0.4457473958038541 0.9414895673115357
0 0.47319912173762746 0.8746954649523586 0.4809968241568043 0.8710772969194784 0.48452221865037975 0.8881722599153663 0.4767245162312029 0.8917904279482464
0 0.22219559014140042 0.23261502531957487 0.23777633450496524 0.29272908065259323 0.21417125289210934 0.3064948408491146 0.19859050852854448 0.24638078551609602
0 0.3154934131981581 0.5900511226232742 0.33458850373097654 0.5958572723431975 0.32913657311298933 0.6362000995074253 0.31004148258017084 0.630393949787502
0 0.9243610789201528 0.20907915793159618 0.927292867701795 0.27109273514110716 0.9009041114424284 0.27389976695331814 0.8979723226607863 0.21188618974380624
0 0.5605446077805738 0.5944405651817178 0.567965367965368 0.5850649350649351 0.5727887255527595 0.5936546729135203 0.5653679653679653 0.603030303030303
0 0.6213592882283873 0.545859980147296 0.6382649306962992 0.5778156565656566 0.6034797165419861 0.6192214264958008 0.5865740740740742 0.5872657500774401
0 0.3820026468932364 0.21299727720815517 0.35033494391528963 0.24974239397440715 0.33214667441837464 0.21447358208045883 0.3638143773963215 0.17772846531420702
0 0.9603603603603603 0.5739130434782608 0.969806763285024 0.5739130434782608 0.969806763285024 0.5977477477477477 0.9603603603603603 0.5977477477477477
0 0.2281808433906919 0.88426825166269 0.22592592592592595 1.0000555555555557 0.17410675091375014 0.9977849446393634 0.17636166837851602 0.8819976407464977
0 0.14338042011804567 0.6641189171984404 0.16437974587244103 0.6469109412814401 0.18194444444444444 0.695138888888889 0.1609451186900491 0.7123468648058894
0 0.1785627246532764 0.4471079847955615 0.23954686910425096 0.4084324607089308 0.2645021645021645 0.4969696969696969 0.2035180200511899 0.5356452210563276
0 0.4469377465572282 0.6464867665977392 0.5284299407675218 0.6712656949708117 0.5158666919805047 0.7642303729811385 0.43437449777021103 0.7394514446080661
0 0.7715668010034644 0.7195371369008241 0.7921409214092141 0.7406504065040651 0.7993807895481607 0.7247766776299476 0.7788066691424111 0.7036634080267068
0 0.879256789210294 0.6783497675038976 0.8822814421365226 0.6520448885849472 0.8937037037037038 0.655 0.8906790507774753 0.6813048789189503
0 0.9644403039670738 0.899430734270756 0.9993300365434235 0.9156197228083323 0.9853658536585366 0.9833333333333333 0.9504761210821867 0.9671443447957574
0 0.7207070707070706 0.21505050505050505 0.7474074074074074 0.21505050505050505 0.7474074074074074 0.2363636363636364 0.7207070707070706 0.2363636363636364
0 0.48444444444444446 0.18 0.4886513364414382 0.21658660590324771 0.4448191150793916 0.22792666294293842 0.4406122230823979 0.1913400570396907
0 0.7190002109584438 0.9272149558476338 0.7634661945827222 0.9136944041685255 0.7705887682646817 0.9663995427973526 0.7261227846404033 0.9799200944764609
0 0.3100064831259628 0.6156545122669991 0.3772095382390479 0.6582740062374481 0.34494949494949495 0.7727272727272727 0.2777464398364098 0.7301077787568236
0 0.7723621692266618 0.42588065369446676 0.8013585338526786 0.4442698531923753 0.783810670279511 0.5065267537129408 0.7548143056534943 0.4881375542150323
0 0.7074524554475276 0.340190370533186 0.7141203104135974 0.3486147556739865 0.7036586556635834 0.36724552690271123 0.6969908006975137 0.35882114176191066
0 0.7207384477809743 0.14460314096739174 0.7461295367438487 0.18381860726989896 0.7139282188856925 0.23073019236594158 0.688537129922818 0.19151472606343437
0 0.538571075269796 0.1927322344876034 0.5473255906340628 0.18867010106270524 0.5516923840658282 0.2098450851000254 0.5429378687015615 0.21390721852492356
