0 0.31717171717171716 0.7378787878787878 0.3525252525252525 0.7378787878787878 0.3525252525252525 0.8151515151515152 0.31717171717171716 0.8151515151515152
0 0.14251962490150855 0.7969024106347857 0.17443171806115848 0.7707519267109202 0.19283391045202689 0.8212794075470324 0.16092181729237695 0.847429891470898
0 0.11717171717171716 0.30454545454545456 0.14343434343434344 0.30454545454545456 0.14343434343434344 0.36363636363636365 0.11717171717171716 0.36363636363636365
0 0.17160493827160492 0.2351851851851852 0.21316872427983538 0.2351851851851852 0.21316872427983538 0.27037037037037037 0.17160493827160492 0.27037037037037037
0 0.2415809433296366 0.20877058728080322 0.26621837732559855 0.1931457772499006 0.2806412788925856 0.24431583247228314 0.2560038448966237 0.2599406425031857
0 0.2798639223233785 0.2215168528452812 0.3195898819151237 0.1889632668906748 0.33083566615398774 0.2198411718460768 0.2911097065622425 0.2523947578006832
0 0.49382716049382713 0.3580246913580246 0.5024691358024691 0.3580246913580246 0.5024691358024691 0.38271604938271603 0.49382716049382713 0.38271604938271603
0 0.9020576131687242 0.2185185185185185 0.9259259259259258 0.2185185185185185 0.9259259259259258 0.27716049382716046 0.9020576131687242 0.27716049382716046
0 0.5646652741229491 0.26137100664739676 0.5801232997889393 0.23215166954224448 0.606234196776522 0.2632321679557777 0.5907761711105318 0.29245150506093
0 0.44157941886334606 0.889535068066133 0.46719576719576716 0.8817460317460318 0.47442241104952065 0.9352212617879428 0.4488060627170995 0.9430102981080444
0 0.5063492063492063 0.7404761904761905 0.5306878306878307 0.7404761904761905 0.5306878306878307 0.8031746031746032 0.5063492063492063 0.8031746031746032
0 0.47748916729436347 0.8482046846667685 0.48753293403665066 0.8585116504509634 0.4764790866738906 0.8827476962856124 0.4664353199316035 0.8724407305014175
0 0.7656084656084656 0.9603174603174603 0.7793650793650794 0.9603174603174603 0.7793650793650794 0.9944444444444445 0.7656084656084656 0.9944444444444445
0 0.9190476190476191 0.7777777777777778 0.9433862433862434 0.7777777777777778 0.9433862433862434 0.8277777777777778 0.9190476190476191 0.8277777777777778
0 0.885071751531737 0.35881963236971215 0.8933079632776337 0.35207043789421594 0.9023068892449619 0.376779073131906 0.8940706774990652 0.3835282676074022
