0 0.547356063955709 0.6259958021982283 0.603968596644634 0.6522642650125696 0.5773352940689823 0.7814116052091793 0.5207227613800575 0.7551431423948379
0 0.7283760683760684 0.16974358974358975 0.7608547008547009 0.16974358974358975 0.7608547008547009 0.20410256410256408 0.7283760683760684 0.20410256410256408
0 0.7006837606837606 0.151025641025641 0.7172649572649572 0.151025641025641 0.7172649572649572 0.18025641025641023 0.7006837606837606 0.18025641025641023
0 0.7137508256078849 0.26005328724940285 0.7248555916353279 0.26520594726298524 0.7197534478963885 0.2899467127505971 0.7086486818689456 0.2847940527370147
0 0.9691566962782296 0.8473512441127901 0.9915295337158719 0.8577323385519192 0.9804159532944199 0.911623114861569 0.9580431158567776 0.9012420204224398
0 0.905982905982906 0.9628205128205128 0.914685903015887 0.958782284126694 0.9186183592595412 0.9778511270861769 0.9099153622265601 0.9818893557799961
0 0.6127740557203961 0.8564185269808514 0.6433677432117757 0.8177654657465903 0.681448166501826 0.8855814730191486 0.6508544790104465 0.9242345342534098
0 0.6037358630841864 0.9474734434595194 0.6677668795031475 0.9280038490416034 0.6731530258047025 0.9678598898738139 0.6091220093857413 0.98732948429173
0 0.13804143126177026 0.6923728813559322 0.15065913370998119 0.6923728813559322 0.15065913370998119 0.7240112994350282 0.13804143126177026 0.7240112994350282
0 0.491354867428737 0.8148843287877411 0.5100684876243512 0.8030163412126202 0.5203911643172947 0.8396394807360683 0.5016775441216804 0.8515074683111892
