0 0.957541455329163 0.3991181809717203 0.9671334013876035 0.4509449395385489 0.9184252479392059 0.4712281578056511 0.9088333018807655 0.4194013992388222
0 0.7761796252855704 0.1889800919571602 0.7972408353632954 0.17920759835063443 0.8072999887822792 0.22798536089064553 0.7862387787045543 0.2377578544971713
0 0.5274709183245962 0.759251555503307 0.5048009430297089 0.7281025235283167 0.5229166666666667 0.6984375 0.5455866419615539 0.7295865319749902
0 0.4355772667013678 0.8921736734485268 0.46304015340020904 0.8794307738862165 0.4732102825026952 0.9287466677492254 0.4457473958038541 0.9414895673115357
0 0.47319912173762746 0.8746954649523586 0.4809968241568043 0.8710772969194784 0.48452221865037975 0.8881722599153663 0.4767245162312029 0.8917904279482464
0 0.22219559014140042 0.23261502531957487 0.23777633450496524 0.29272908065259323 0.21417125289210934 0.3064948408491146 0.19859050852854448 0.24638078551609602
0 0.3154934131981581 0.5900511226232742 0.33458850373097654 0.5958572723431975 0.32913657311298933 0.6362000995074253 0.31004148258017084 0.630393949787502
0 0.9373207088147333 0.21380750178369276 0.9397078765025849 0.2345682827789767 0.9319786417103575 0.2365679524441997 0.9295914740225056 0.21580717144891579
0 0.5889240956382431 0.5562107406437699 0.5802949091125797 0.5816421569845155 0.5885064599173125 0.587911283165754 0.5971356464429758 0.5624798668250084
0 0.5364642068766138 0.43634638273420834 0.5534336376875458 0.41893226438265907 0.573054086895588 0.46195096101353 0.5560846560846561 0.4793650793650794
0 0.33497503538863294 0.21659875684040594 0.3619835136475493 0.18787073719597475 0.3767359168603541 0.21907685318780037 0.3497274386014377 0.24780487283223154
0 0.2281808433906919 0.88426825166269 0.22592592592592595 1.0000555555555557 0.17410675091375014 0.9977849446393634 0.17636166837851602 0.8819976407464977
0 0.14338042011804567 0.6641189171984404 0.16437974587244103 0.6469109412814401 0.18194444444444444 0.695138888888889 0.1609451186900491 0.7123468648058894
0 0.1785627246532764 0.4471079847955615 0.23954686910425096 0.4084324607089308 0.2645021645021645 0.4969696969696969 0.2035180200511899 0.5356452210563276
0 0.4386044132238949 0.6527367665977392 0.5200966074341884 0.6775156949708117 0.5075333586471713 0.7704803729811385 0.42604116443687773 0.7457014446080661
0 0.7207070707070706 0.21505050505050505 0.7474074074074074 0.21505050505050505 0.7474074074074074 0.2363636363636364 0.7207070707070706 0.2363636363636364
0 0.8095109573155573 0.9587470235628597 0.803665234889186 0.891258723962622 0.8392178068538044 0.8843298406735247 0.8450635292801755 0.951818140273762
0 0.3100064831259628 0.6156545122669991 0.3772095382390479 0.6582740062374481 0.34494949494949495 0.7727272727272727 0.2777464398364098 0.7301077787568236
0 0.5907030123382155 0.3158679015150468 0.6243386243386244 0.3944444444444445 0.5646814851736116 0.45190255726287665 0.5310458731732027 0.37332601433347895
0 0.6198931894761042 0.3250073807024279 0.6352966521781384 0.29589118054838026 0.6658706994127848 0.33228428596423876 0.6504672367107505 0.3614004861182863
0 0.538571075269796 0.1927322344876034 0.5473255906340628 0.18867010106270524 0.5516923840658282 0.2098450851000254 0.5429378687015615 0.21390721852492356
0 0.7225899998419284 0.2884637160514039 0.7450466910721617 0.29184349317746844 0.743729444602516 0.31153628394859606 0.7212727533722828 0.30815650682253154
0 0.18756054469296954 0.8371112911641996 0.19705736365266033 0.8550625328431629 0.17910612197369713 0.876430375502467 0.16960930301400634 0.8584791338235037
0 0.853584229390681 0.9419354838709678 0.8413190887573703 0.9362444049643033 0.8437514890454807 0.9244494716618845 0.8560166296787917 0.9301405505685492
0 0.8856002010205094 0.9894136625414022 0.8892763890049057 0.9824647947947069 0.894985223113302 0.9892601725840456 0.8913090351289055 0.9962090403307411
0 0.9741648631077755 0.9020168406505392 1.0074253990023243 0.9231103341922579 0.9841684702255579 1.0056220482383498 0.950907934331009 0.9845285546966311
