0 0.1292929292929293 0.4318181818181818 0.16767676767676767 0.4318181818181818 0.16767676767676767 0.5 0.1292929292929293 0.5
0 0.40104063440171356 0.4466009556585013 0.41515151515151516 0.4136363636363637 0.445424012062933 0.44279298373543824 0.4313131313131313 0.47575757575757577
0 0.10389863547758282 0.8771929824561403 0.13703703703703704 0.8771929824561403 0.13703703703703704 0.9046783625730992 0.10389863547758282 0.9046783625730992
0 0.21741225223557864 0.7310533927895948 0.23826950112097195 0.740731247510668 0.22859164639989887 0.7876600575028029 0.20773439751450554 0.7779822027817296
0 0.4456071331509097 0.8883282536076565 0.46968386053066774 0.8847046577878483 0.47302567632870696 0.9346646924684799 0.44894894894894893 0.9382882882882884
0 0.5987343671246512 0.6526037633957559 0.6175389628834655 0.6583215838067492 0.6108108108108108 0.7081081081081081 0.5920062150519967 0.702390287697115
0 0.8889803086162597 0.8796788645123756 0.9343085864786755 0.9007113837252099 0.925434105798155 0.943744558911048 0.8801058279357389 0.9227120396982138
0 0.8628594044234431 0.8306869412758874 0.8963273864878123 0.809461887483389 0.9128162712522329 0.8679617073727613 0.8793482891878635 0.8891867611652599
0 0.7789606182906662 0.978214344188544 0.7957957957957958 0.9833333333333333 0.7943126549826072 0.9943081783339788 0.7774774774774775 0.9891891891891892
0 0.7941612520848268 0.6609023349941052 0.8239975868803414 0.6470581451324929 0.8352681773446026 0.7017102776185073 0.8054318425490881 0.7155544674801196
0 0.9003958025879977 0.2102529437007553 0.9315992219991601 0.21494912098260097 0.9276276276276276 0.27432432432432435 0.8964242082164651 0.26962814704247867
0 0.6489722274420288 0.4342797235176645 0.7219391995624174 0.4452613993488156 0.7132499947801935 0.5751647209267801 0.6402830226598049 0.5641830450956289
