0 0.9447264008781765 0.3724335424278996 0.9743212022424615 0.402803881851202 0.9457783569282472 0.465385323821999 0.9161835555639621 0.4350149843986963
0 0.7761796252855704 0.1889800919571602 0.7972408353632954 0.17920759835063443 0.8072999887822792 0.22798536089064553 0.7862387787045543 0.2377578544971713
0 0.7484680321143647 0.702766626430774 0.7432780385808277 0.6693981208692227 0.7545940170940172 0.6654380341880342 0.7597840106275541 0.6988065397495854
0 0.4355772667013678 0.8921736734485268 0.46304015340020904 0.8794307738862165 0.4732102825026952 0.9287466677492254 0.4457473958038541 0.9414895673115357
0 0.38131876058777503 0.2810591471008691 0.40082259381591534 0.33853966413340275 0.37825162787150235 0.35577151678861796 0.35874779464336204 0.2982909997560841
0 0.950031786706589 0.3089969118805954 0.9524852657483683 0.3608932193301702 0.9257721672580558 0.3637347521605931 0.9233186882162764 0.3118384447110184
0 0.33497503538863294 0.21659875684040594 0.3619835136475493 0.18787073719597475 0.3767359168603541 0.21907685318780037 0.3497274386014377 0.24780487283223154
0 0.2281808433906919 0.88426825166269 0.22592592592592595 1.0000555555555557 0.17410675091375014 0.9977849446393634 0.17636166837851602 0.8819976407464977
0 0.14338042011804567 0.6641189171984404 0.16437974587244103 0.6469109412814401 0.18194444444444444 0.695138888888889 0.1609451186900491 0.7123468648058894
0 0.09565932222131207 0.27823368602724635 0.1493827160493827 0.27823368602724635 0.1493827160493827 0.3932098765432099 0.09565932222131207 0.3932098765432099
0 0.4676767676767677 0.6904040404040404 0.5089075437119568 0.7029408785152553 0.5033670033670034 0.7439393939393938 0.46213622733181436 0.7314025558281789
0 0.9256245751102675 0.8623923245057399 0.9247619047619046 0.8180952380952381 0.9467563772706845 0.8171314850180695 0.9476190476190475 0.8614285714285714
0 0.3679226170306449 0.2382896836149213 0.39049099335451426 0.21512989819342207 0.41244856205810576 0.26327283196601503 0.3898801857342363 0.28643261738751435
0 0.16257423549046954 0.8192888601761515 0.2013433119808889 0.8510583246996423 0.17675578114379067 0.918569084656444 0.13798670465337132 0.8867996201329533
0 0.7514800101123015 0.7441458652156243 0.7749144122791062 0.7590077246975863 0.758671027681208 0.8166365508399864 0.7352366255144033 0.8017746913580246
0 0.2262463838686928 0.4549714675328797 0.26123607421115325 0.4387360981545715 0.27704579720126604 0.5153989028374906 0.24205610685880558 0.5316342722157987
0 0.8499439927352709 0.20980765856510405 0.8717251132665617 0.21991419377127103 0.8666505238592457 0.24452134576390028 0.8448694033279549 0.23441481055773325
0 0.7815008528050603 0.6820590765574487 0.7885847270873472 0.6686688729740728 0.8019749306707229 0.6846075901092182 0.7948910563884362 0.6979977936925942
0 0.6164822673844775 0.7206697233345388 0.6340308417280053 0.7180286276560512 0.6350168507813073 0.7327694301046146 0.6174682764377796 0.7354105257831022
