0 0.2553223370615408 0.4861254511157999 0.26620798153758896 0.44412615897036306 0.3072483857344999 0.46805966497592105 0.29636274125845163 0.5100589571213585
0 0.19476819813180093 0.2938113487222562 0.14591746943427075 0.21179974577186178 0.1843089235591428 0.16034649409590784 0.23315965225667293 0.24235809704630226
0 0.2920584041638266 0.23962062190786756 0.2956780504205099 0.1630573940193256 0.35863604028061774 0.16975437809213242 0.3550163940239346 0.2463176059806744
0 0.5157721048143751 0.5524529391570785 0.5796943993371372 0.5620733728469148 0.5709398383824111 0.6929537670231697 0.507017543859649 0.6833333333333333
0 0.8264953911345574 0.8273289609837602 0.8739986145027541 0.806593362817443 0.8839630116324356 0.8579551418345815 0.8364597882642391 0.8786907400008989
0 0.7318201159101478 0.37816651877754526 0.6861364648463131 0.44093683454593496 0.6586175945275626 0.3958738852628587 0.7043012455913974 0.33310356949446895
0 0.3305262985471034 0.7524888729883802 0.30586652364680755 0.6716649862240759 0.3773265065072781 0.6226086847382503 0.40198628140757403 0.7034325715025546
0 0.29696969696969694 0.9257575757575757 0.3397306397306397 0.9257575757575757 0.3397306397306397 0.997979797979798 0.29696969696969694 0.997979797979798
0 0.4857222392655463 0.29633909397688923 0.49945802229266795 0.29633909397688923 0.49945802229266795 0.30788765040733546 0.4857222392655463 0.30788765040733546
0 0.8091503267973856 0.5320425696855903 0.8388365554269444 0.5320425696855903 0.8388365554269444 0.5931372549019608 0.8091503267973856 0.5931372549019608
0 0.13903892304480808 0.4249532325694516 0.16974095617823756 0.4444241496848841 0.1508600668541818 0.5114104037941847 0.12015803372075233 0.49193948667875226
