0 0.5735735735735736 0.6148648648648649 0.6297046189576958 0.6148648648648649 0.6297046189576958 0.7270539375335119 0.5735735735735736 0.7270539375335119
0 0.499140599043219 0.6615086042597883 0.5071765720842045 0.7049282015038961 0.4647482898456698 0.7225963340118164 0.4567123168046841 0.6791767367677082
0 0.4245461619841372 0.42134504618583174 0.45449012022538327 0.40235489245596545 0.4705155664109244 0.4592105093697238 0.44057160816967844 0.47820066309959003
0 0.12485544698064734 0.24334785729075664 0.18693966698928188 0.19247271133466665 0.21157916950358407 0.26012617156696677 0.1494949494949495 0.31100131752305665
0 0.7053130145059563 0.19527415642381868 0.7041006366794117 0.13302001097123353 0.7658676604930879 0.13031350554155247 0.7670800383196326 0.1925676509941375
0 0.08967833156592438 0.6263343937787204 0.12784258277365385 0.6263343937787204 0.1278425827736538 0.700972074938141 0.08967833156592436 0.7009720749381408
0 0.23472222222222222 0.8548611111111112 0.26712962962962966 0.8548611111111112 0.26712962962962966 0.9229166666666667 0.23472222222222222 0.9229166666666667
0 0.5314660263804786 0.8224509342111327 0.5828694703182734 0.7575061488942482 0.6332216257559764 0.8471764268043276 0.5818181818181818 0.9121212121212121
0 0.29821399631819573 0.19558345082412526 0.36445923722783524 0.1754405881185149 0.3811069913361251 0.2986295121388376 0.31486175042648556 0.318772374844448
0 0.6163342687127245 0.725965855671381 0.624703118074252 0.7388911906425437 0.6389209865425309 0.7181782884727631 0.6305521371810033 0.7052529535016004
0 0.8865655107449739 0.45288799464568075 0.9331809113462215 0.38089247392859066 0.9875890786270065 0.46015548361518865 0.9409736780257588 0.5321510043322787
