0 0.4098301698799693 0.6020628795564377 0.4397212415117783 0.5975642132507473 0.44411719854108317 0.6632836241672591 0.41422612690927374 0.6677822904729496
0 0.3309723742927025 0.3014513557039059 0.35809972747459734 0.2842474642524756 0.3744744744744745 0.34234234234234234 0.34734712129257966 0.3595462337937726
0 0.12485544698064734 0.24334785729075664 0.18693966698928188 0.19247271133466665 0.21157916950358407 0.26012617156696677 0.1494949494949495 0.31100131752305665
0 0.7008685700615119 0.19245364360330586 0.6996561922349672 0.1301994981507207 0.7614232160486435 0.12749299272103964 0.7626355938751881 0.18974713817362468
0 0.5484364549292366 0.7179773984049348 0.615644363687903 0.7179773984049348 0.6156443636879027 0.8352176335813527 0.5484364549292363 0.8352176335813526
0 0.2767026469971052 0.2220735174585508 0.2750519408774029 0.13731174053930909 0.3440879449531517 0.1342867231702011 0.34573865107285395 0.21904850008944288
0 0.8469201886625374 0.3848705211422924 0.8649527495921734 0.3317260487951516 0.9137247810075129 0.3689611614223395 0.8956922200778765 0.4221056337694802
0 0.41025641025641024 0.49358974358974356 0.4470022505856923 0.5312985164738063 0.41668868565963024 0.5977623389646771 0.3799428453303481 0.5600535660806144
0 0.6051084454678555 0.12722427200107625 0.6746695885225982 0.13769336371850635 0.6662509919241228 0.2635511019783028 0.59668984886938 0.2530820102608726
0 0.5224408046463022 0.540297603186819 0.5798760044306434 0.5489417160916054 0.5715971357331016 0.6727105268944817 0.5141619359487603 0.6640664139896953
