0 0.8126981682227369 0.3103793885403163 0.9451851851851854 0.5150000000000001 0.8169314614068929 0.7018428336819059 0.6844444444444444 0.49722222222222223
0 0.625925925925926 0.255 0.5935353720266767 0.2842290712828345 0.5770053691775646 0.24301373905826829 0.6093959230768139 0.21378466777543378
0 0.6049019006938533 0.5239129308800698 0.5722330147658121 0.533846397419823 0.5647277289357764 0.47830929134215255 0.5973966148638177 0.4683758248023995
0 0.09874506777723112 0.23983612287320427 0.12406991833640635 0.19196614506263582 0.1449586359264726 0.2168305437934624 0.11963378536729735 0.26470052160403085
0 0.1707043847300381 0.6852782639038134 0.15123771996869104 0.6943108815083376 0.14201481672013444 0.6495881731600801 0.1614814814814815 0.6405555555555558
0 0.639277856115683 0.5711685610663716 0.6893965844407984 0.5636255918086113 0.6940554772176504 0.6332758833780731 0.6439367488925349 0.6408188526358334
0 0.22281331024965276 0.21541050216085522 0.25032449741330864 0.24364262583060706 0.21644594900960656 0.31792283117247816 0.18893476184595065 0.2896907075027264
0 0.24435712300525442 0.8622485463138081 0.25663605596997563 0.8521865288369298 0.27498444078075374 0.9025662685010067 0.2627055078160325 0.912628285977885
0 0.7570635407131906 0.5103322401322233 0.7691631280939465 0.5140113018136133 0.7649117679287848 0.545470229003579 0.7528121805480288 0.5417911673221891
0 0.5452340218475179 0.7141819369811011 0.5444548403665087 0.7339004154873264 0.531309188029025 0.7327316432658126 0.5320883695100344 0.7130131647595875
0 0.5099360577742384 0.7184574752416895 0.538105374575658 0.6953740233829688 0.5452079751475721 0.7148758580916438 0.5170386583461527 0.7379593099503644
0 0.35802469135802467 0.8074074074074074 0.3271604938271605 0.8074074074074074 0.3271604938271605 0.739506172839506 0.35802469135802467 0.739506172839506
0 0.043209876543209874 0.9049382716049382 0.07530864197530864 0.9049382716049382 0.07530864197530864 0.961111111111111 0.043209876543209874 0.961111111111111
0 0.09135802469135802 0.9203703703703703 0.11563786008230452 0.9203703703703703 0.11563786008230452 0.961111111111111 0.09135802469135802 0.961111111111111
0 0.13621399176954732 0.8148148148148148 0.17366255144032922 0.8148148148148148 0.17366255144032922 0.8833333333333333 0.13621399176954732 0.8833333333333333
0 0.2716767196031592 0.30252309800194305 0.28399822575377753 0.31544069759244414 0.27363918453627434 0.33767298042942945 0.26131767838565595 0.3247553808389283
