0 0.5678161884895977 0.6042547597019104 0.633913092619411 0.584157001027159 0.6502635616421301 0.7051460949934961 0.5841666575123167 0.725243853668248
0 0.4098301698799693 0.6020628795564377 0.4397212415117783 0.5975642132507473 0.44411719854108317 0.6632836241672591 0.41422612690927374 0.6677822904729496
0 0.42667870394800556 0.41408535373904093 0.449943879199465 0.4070112269870329 0.4568462228972493 0.45808672268558576 0.43358104764579 0.46516084943759384
0 0.12485544698064734 0.24334785729075664 0.18693966698928188 0.19247271133466665 0.21157916950358407 0.26012617156696677 0.1494949494949495 0.31100131752305665
0 0.7008685700615119 0.19245364360330586 0.6996561922349672 0.1301994981507207 0.7614232160486435 0.12749299272103964 0.7626355938751881 0.18974713817362468
0 0.5439250568740797 0.7628602295861877 0.611132965632746 0.7628602295861877 0.6111329656327456 0.8801004647626056 0.5439250568740792 0.8801004647626055
0 0.29470522438837116 0.17979397713991474 0.36095046529801067 0.15965111443430438 0.37759821940630056 0.2828400384546271 0.31135297849666105 0.30298290116023746
0 0.8469201886625374 0.3848705211422924 0.8649527495921734 0.3317260487951516 0.9137247810075129 0.3689611614223395 0.8956922200778765 0.4221056337694802
0 0.4174058215878806 0.4134812894735967 0.44549543748191733 0.42202236002655447 0.4376992255036465 0.47971224172412885 0.4096096096096096 0.4711711711711712
0 0.7596296330207649 0.3037727127739364 0.7728873291465641 0.2953648167468178 0.7800168316256998 0.3206591054078819 0.7667591354999007 0.3290670014350005
0 0.471764705882353 0.3096078431372549 0.4811764705882353 0.3096078431372549 0.4811764705882353 0.3319607843137255 0.471764705882353 0.3319607843137255
