0 0.30914378625892047 0.4901395750362221 0.2731258495421474 0.48789115598937777 0.27509317439433806 0.416982350183925 0.3111111111111111 0.4192307692307692
0 0.2518082938252351 0.22250594592851713 0.17940720959972556 0.23985459392501793 0.17128592188280248 0.16359634133409134 0.24368700610831204 0.14624769333759063
0 0.2920584041638266 0.23962062190786756 0.2956780504205099 0.1630573940193256 0.35863604028061774 0.16975437809213242 0.3550163940239346 0.2463176059806744
0 0.5157721048143751 0.5524529391570785 0.5796943993371372 0.5620733728469148 0.5709398383824111 0.6929537670231697 0.507017543859649 0.6833333333333333
0 0.8328000189596633 0.822404746333075 0.8821026921301183 0.8162386299944732 0.8850657912147372 0.8695460231519334 0.8357631180442823 0.8757121394905354
0 0.3904426078994367 0.730338153074624 0.3312364678140212 0.7266422108526982 0.334504214248962 0.6088619687545708 0.39371035433437734 0.6125579109764964
0 0.4857222392655463 0.29633909397688923 0.49945802229266795 0.29633909397688923 0.49945802229266795 0.30788765040733546 0.4857222392655463 0.30788765040733546
0 0.8206926215064552 0.5127399593523508 0.849052958940798 0.5258992799817553 0.837016482940097 0.5842652620605969 0.8086561455057542 0.5711059414311924
0 0.14488220375300115 0.4240535521684086 0.1723933909166571 0.4522856758381603 0.14501678614598873 0.5123100841952277 0.11750559898233282 0.484077960525476
0 0.25967078189300413 0.18271604938271604 0.28888888888888886 0.18271604938271604 0.28888888888888886 0.2691358024691358 0.25967078189300413 0.2691358024691358
0 0.1782905982905983 0.55 0.18786324786324785 0.55 0.18786324786324785 0.5784615384615384 0.1782905982905983 0.5784615384615384
