0 0.4098301698799693 0.6020628795564377 0.4397212415117783 0.5975642132507473 0.44411719854108317 0.6632836241672591 0.41422612690927374 0.6677822904729496
0 0.16865552964330127 0.33169028996992883 0.15952067808551101 0.22622931290492834 0.22021700029406155 0.21440013404611055 0.2293518518518519 0.3198611111111111
0 0.28968859376196016 0.25276443980218305 0.2881944444444444 0.17604166666666668 0.351283628460262 0.17327722686448366 0.3527777777777778 0.25
0 0.5224408046463022 0.5507142698534857 0.5798760044306434 0.559358382758272 0.5715971357331016 0.6831271935611485 0.5141619359487603 0.6744830806563621
0 0.155668562657624 0.3119576374415726 0.14340551544236685 0.3658003399808058 0.11428257030175208 0.35087619840647527 0.12654561751700927 0.29703349586724204
0 0.7001363714236862 0.9797228898425513 0.6286102818796853 0.9290043517488301 0.6686771916823473 0.801869060718712 0.7402032812263483 0.8525875988124334
0 0.7877938032111653 0.796482472052266 0.7921227059199906 0.7225564759301023 0.8276475062011387 0.7272370034512353 0.8233186034923138 0.8011629995733994
0 0.6489025670491975 0.48073275784420755 0.6532849391390484 0.5734292616498369 0.6126462544996241 0.5777520906406408 0.6082638824097731 0.48505558683501143
0 0.23666950601521491 0.5114704573119528 0.2761537982881524 0.5055279920353559 0.2809077705094299 0.5765997181266436 0.24142347823649243 0.5825421834032404
0 0.2040497267246445 0.3412159923663612 0.23879590392482947 0.3359866229229559 0.2431061720721211 0.40042498791238995 0.20835999487193607 0.4056543573557952
0 0.24570414015322836 0.767441920828793 0.26892769713146725 0.8033097253737692 0.23620619123078723 0.8509791318027858 0.21298263425254846 0.8151113272578097
0 0.29696969696969694 0.9257575757575757 0.3397306397306397 0.9257575757575757 0.3397306397306397 0.997979797979798 0.29696969696969694 0.997979797979798
0 0.48624875967493253 0.299799555517375 0.4997107415402935 0.2957062372844584 0.501240304192084 0.30702459146425226 0.4877783223267231 0.3111179096971689
0 0.84354661730611 0.4645094003173036 0.8599465356823571 0.44378920928401994 0.8808926719994353 0.48109140316961474 0.8644927536231883 0.5018115942028986
