0 0.588913083465061 0.5776878917324438 0.6406131999209816 0.6104755797007487 0.6114875447851358 0.7138085584891943 0.559787428329215 0.68102087052089
0 0.4098301698799693 0.6020628795564377 0.4397212415117783 0.5975642132507473 0.44411719854108317 0.6632836241672591 0.41422612690927374 0.6677822904729496
0 0.4178121552501305 0.41477938962017513 0.44775611349137656 0.3957892358903089 0.46378155967691764 0.4526448528040672 0.43383760143567174 0.4716350065339335
0 0.12485544698064734 0.24334785729075664 0.18693966698928188 0.19247271133466665 0.21157916950358407 0.26012617156696677 0.1494949494949495 0.31100131752305665
0 0.7053130145059563 0.19527415642381868 0.7041006366794117 0.13302001097123353 0.7658676604930879 0.13031350554155247 0.7670800383196326 0.1925676509941375
0 0.23472222222222222 0.8548611111111112 0.26712962962962966 0.8548611111111112 0.26712962962962966 0.9229166666666667 0.23472222222222222 0.9229166666666667
0 0.5314660263804786 0.8224509342111327 0.5828694703182734 0.7575061488942482 0.6332216257559764 0.8471764268043276 0.5818181818181818 0.9121212121212121
0 0.29470522438837116 0.17979397713991474 0.36095046529801067 0.15965111443430438 0.37759821940630056 0.2828400384546271 0.31135297849666105 0.30298290116023746
0 0.8865030331264748 0.44848935098505943 0.9504228900075844 0.4188302577802798 0.9728367414306908 0.5275170902387729 0.908916884549581 0.5571761834435522
0 0.8168689096539343 0.5339394517680065 0.8513138106555848 0.4985919148156345 0.8831418958767684 0.568376389572225 0.8486969948751181 0.603723926524597
