0 0.30914378625892047 0.4901395750362221 0.2731258495421474 0.48789115598937777 0.27509317439433806 0.416982350183925 0.3111111111111111 0.4192307692307692
0 0.2518082938252351 0.22250594592851713 0.17940720959972556 0.23985459392501793 0.17128592188280248 0.16359634133409134 0.24368700610831204 0.14624769333759063
0 0.2920584041638266 0.23962062190786756 0.2956780504205099 0.1630573940193256 0.35863604028061774 0.16975437809213242 0.3550163940239346 0.2463176059806744
0 0.5157721048143751 0.5524529391570785 0.5796943993371372 0.5620733728469148 0.5709398383824111 0.6929537670231697 0.507017543859649 0.6833333333333333
0 0.8328000189596633 0.822404746333075 0.8821026921301183 0.8162386299944732 0.8850657912147372 0.8695460231519334 0.8357631180442823 0.8757121394905354
0 0.7319296699729684 0.3947865735406667 0.6759198133631572 0.43450268362300226 0.6585080404647421 0.37925383049973727 0.7145178970745534 0.33953772041740166
0 0.3686801744609784 0.7579722888225814 0.31284653886325337 0.7281965042257824 0.3391726305934032 0.6171252689040493 0.3950062661911281 0.646901053500848
0 0.29696969696969694 0.9257575757575757 0.3397306397306397 0.9257575757575757 0.3397306397306397 0.997979797979798 0.29696969696969694 0.997979797979798
0 0.4857222392655463 0.29633909397688923 0.49945802229266795 0.29633909397688923 0.49945802229266795 0.30788765040733546 0.4857222392655463 0.30788765040733546
0 0.8179466230936819 0.5112092363522568 0.8476328517232407 0.5112092363522568 0.8476328517232407 0.5723039215686275 0.8179466230936819 0.5723039215686275
0 0.13619134635282792 0.4260543043198081 0.1680358959903481 0.44083031465287514 0.15370764354616195 0.5103093320438282 0.12186309390864178 0.4955333217107612
0 0.3092706091735556 0.3854873869279405 0.32156361286682117 0.3567695585612857 0.35175830436488537 0.3858512412382692 0.33946530067161973 0.4145690696049238
0 0.33463671763349667 0.5332736128837604 0.36418616459443887 0.5469846855351649 0.3479458649490859 0.6257353961252485 0.3183964179881437 0.6120243234738441
