0 0.40787852400939817 0.6047830473306837 0.4373208533025713 0.595830663905968 0.44606884441165434 0.6605634563930132 0.4166265151184808 0.669515839817729
0 0.18974706440706074 0.2979611645143589 0.15273222475781148 0.20302662109870703 0.19717319453878493 0.16403981555870717 0.2341880341880342 0.25897435897435894
0 0.2920584041638266 0.23962062190786756 0.2956780504205099 0.1630573940193256 0.35863604028061774 0.16975437809213242 0.3550163940239346 0.2463176059806744
0 0.5157721048143751 0.5524529391570785 0.5796943993371372 0.5620733728469148 0.5709398383824111 0.6929537670231697 0.507017543859649 0.6833333333333333
0 0.677658609759402 0.9898706576487631 0.6310990691505775 0.8939238020473129 0.7068956940873723 0.8111657373569447 0.7534552346961968 0.9071125929583952
0 0.8252426536553561 0.8202040202523205 0.8738886291782836 0.8066856273431804 0.880384831237241 0.8592829811167456 0.8317388557143135 0.872801374025886
0 0.6489025670491975 0.48073275784420755 0.6532849391390484 0.5734292616498369 0.6126462544996241 0.5777520906406408 0.6082638824097731 0.48505558683501143
0 0.33468688792720236 0.5809618306101716 0.39629256406132124 0.6095471338251616 0.37471778753455753 0.7141652147354522 0.3131121114004386 0.6855799115204624
0 0.29696969696969694 0.9257575757575757 0.3397306397306397 0.9257575757575757 0.3397306397306397 0.997979797979798 0.29696969696969694 0.997979797979798
0 0.48624875967493253 0.299799555517375 0.4997107415402935 0.2957062372844584 0.501240304192084 0.30702459146425226 0.4877783223267231 0.3111179096971689
0 0.516800323650618 0.3014420533946578 0.5267475805838358 0.30446666660387756 0.5236911293408348 0.32708358763098316 0.5137438724076171 0.3240589744217634
0 0.8422620061086876 0.6511323269160382 0.8687788686836602 0.6343156023976732 0.8851835292416391 0.6925166088149681 0.8586666666666667 0.7093333333333334
0 0.8687520276257168 0.5113124247643028 0.8837191723730927 0.5554226880400709 0.8366082109152996 0.5913896532238161 0.8216410661679237 0.547279389948048
0 0.4523809523809524 0.9071428571428571 0.47165560106039395 0.9229375399895221 0.4547421382383219 0.9693773690306866 0.43546748955888026 0.9535826861840218
0 0.13903892304480808 0.4249532325694516 0.16974095617823756 0.4444241496848841 0.1508600668541818 0.5114104037941847 0.12015803372075233 0.49193948667875226
