0 0.40787852400939817 0.6047830473306837 0.4373208533025713 0.595830663905968 0.44606884441165434 0.6605634563930132 0.4166265151184808 0.669515839817729
0 0.17768664750212157 0.2858014936845969 0.18270179262245492 0.17972049252786057 0.2437549594487627 0.1862148562573683 0.23873981432842947 0.2922958574141049
0 0.28503860320969004 0.24279443047347024 0.29373587873167145 0.16715574229652663 0.35593361901253207 0.1832472361931964 0.34723634349055077 0.25888592437014
0 0.5157721048143751 0.5524529391570785 0.5796943993371372 0.5620733728469148 0.5709398383824111 0.6929537670231697 0.507017543859649 0.6833333333333333
0 0.677658609759402 0.9898706576487631 0.6310990691505775 0.8939238020473129 0.7068956940873723 0.8111657373569447 0.7534552346961968 0.9071125929583952
0 0.8232043094732353 0.8257233838505338 0.869090144181284 0.7979777636696402 0.8824231754193618 0.8475907780123595 0.8365373407113131 0.8753363981932535
0 0.6489025670491975 0.48073275784420755 0.6532849391390484 0.5734292616498369 0.6126462544996241 0.5777520906406408 0.6082638824097731 0.48505558683501143
0 0.34073698849743345 0.5578610603879904 0.3900584795321637 0.6201754385964913 0.34302666132330084 0.7039326516243 0.29370517028857046 0.6416182734157994
0 0.29696969696969694 0.9257575757575757 0.3397306397306397 0.9257575757575757 0.3397306397306397 0.997979797979798 0.29696969696969694 0.997979797979798
0 0.48624875967493253 0.299799555517375 0.4997107415402935 0.2957062372844584 0.501240304192084 0.30702459146425226 0.4877783223267231 0.3111179096971689
0 0.518567064469133 0.3006708713416877 0.5279154399424529 0.30659951597619434 0.5219243885223198 0.32785476968395333 0.512576013049 0.3219261250494466
0 0.8378729698848132 0.6838575414298853 0.8636252320829442 0.6513212945996988 0.8898711378592945 0.6980616504893065 0.8641188756611635 0.7305978973194929
0 0.8324704886077735 0.6005632389887118 0.8628624001944007 0.6198374801736855 0.842276986139701 0.6928711044456313 0.8118850745530738 0.6735968632606577
0 0.197995275111072 0.924937693285369 0.21064903796581297 0.9737587882646047 0.16895609184029495 0.9980728367251607 0.156302328985554 0.949251741745925
