0 0.30914378625892047 0.4901395750362221 0.2731258495421474 0.48789115598937777 0.27509317439433806 0.416982350183925 0.3111111111111111 0.4192307692307692
0 0.2518082938252351 0.22250594592851713 0.17940720959972556 0.23985459392501793 0.17128592188280248 0.16359634133409134 0.24368700610831204 0.14624769333759063
0 0.2920584041638266 0.23962062190786756 0.2956780504205099 0.1630573940193256 0.35863604028061774 0.16975437809213242 0.3550163940239346 0.2463176059806744
0 0.5157721048143751 0.5524529391570785 0.5796943993371372 0.5620733728469148 0.5709398383824111 0.6929537670231697 0.507017543859649 0.6833333333333333
0 0.8328000189596633 0.822404746333075 0.8821026921301183 0.8162386299944732 0.8850657912147372 0.8695460231519334 0.8357631180442823 0.8757121394905354
0 0.3964255138823427 0.7123894351259062 0.3372193737969272 0.7086934929039804 0.34048712023186795 0.5909132508058529 0.3996932603172833 0.5946091930277785
0 0.4857222392655463 0.29633909397688923 0.49945802229266795 0.29633909397688923 0.49945802229266795 0.30788765040733546 0.4857222392655463 0.30788765040733546
0 0.8294893002598649 0.6041419807093061 0.7998287457570236 0.6059935402866506 0.798135174102057 0.5449516927920938 0.8277957286048984 0.5431001332147491
0 0.14488220375300115 0.4240535521684086 0.1723933909166571 0.4522856758381603 0.14501678614598873 0.5123100841952277 0.11750559898233282 0.484077960525476
0 0.48151498400577675 0.26558727777514934 0.5060974653357879 0.24036060729779993 0.5289760348583878 0.29052287581699343 0.5043935535283767 0.3157495462943429
