0 0.4098301698799693 0.6020628795564377 0.4397212415117783 0.5975642132507473 0.44411719854108317 0.6632836241672591 0.41422612690927374 0.6677822904729496
0 0.17899436002157404 0.33696948712389313 0.15607368949057815 0.23633293050485193 0.21399339625323732 0.2066518010896772 0.2369140667842333 0.3072883577087184
0 0.5240569166087037 0.756194694888232 0.5658340226397163 0.6772260496825544 0.6270589767095445 0.7501037485506132 0.5852818706785323 0.8290723937562912
0 0.5224408046463022 0.540297603186819 0.5798760044306434 0.5489417160916054 0.5715971357331016 0.6727105268944817 0.5141619359487603 0.6640664139896953
0 0.15607900261830202 0.3237752809432948 0.13692913744569468 0.3728902770869999 0.11036335841124949 0.34958487069422667 0.12951322358385686 0.3004698745505216
0 0.7349666846027091 0.8116916008059007 0.6559861274034845 0.8186190472161059 0.650513545169991 0.6782336830886957 0.7294941023692156 0.6713062366784907
0 0.6096797644748907 0.6543329896079937 0.6602772155656177 0.6778104282483113 0.6482375034423778 0.7361921025837648 0.597640052351651 0.7127146639434471
0 0.6489025670491975 0.48073275784420755 0.6532849391390484 0.5734292616498369 0.6126462544996241 0.5777520906406408 0.6082638824097731 0.48505558683501143
0 0.2334430600239025 0.5175770665888562 0.2723345908906184 0.5057515111843883 0.28179503521419275 0.575756266744477 0.24290350434747685 0.5875818221489448
0 0.23587561202179363 0.38784152414003226 0.26923656878491 0.3723618942672954 0.28199553643759007 0.4342313049916203 0.2486345796744736 0.4497109348643571
