0 0.3021571382651117 0.5181856808194613 0.2896556077844773 0.47721116714151385 0.32969463028256296 0.4497249254683381 0.34219616076319753 0.49069943914628605
0 0.18974706440706074 0.2979611645143589 0.15273222475781148 0.20302662109870703 0.19717319453878493 0.16403981555870717 0.2341880341880342 0.25897435897435894
0 0.2920584041638266 0.23962062190786756 0.2956780504205099 0.1630573940193256 0.35863604028061774 0.16975437809213242 0.3550163940239346 0.2463176059806744
0 0.5157721048143751 0.5524529391570785 0.5796943993371372 0.5620733728469148 0.5709398383824111 0.6929537670231697 0.507017543859649 0.6833333333333333
0 0.7460905349794239 0.8993827160493826 0.7629582151763898 0.8082440478558364 0.8475392961724547 0.8434655950846415 0.8306716159754888 0.9346042632781879
0 0.8264953911345574 0.8273289609837602 0.8739986145027541 0.806593362817443 0.8839630116324356 0.8579551418345815 0.8364597882642391 0.8786907400008989
0 0.7318201159101478 0.37816651877754526 0.6861364648463131 0.44093683454593496 0.6586175945275626 0.3958738852628587 0.7043012455913974 0.33310356949446895
0 0.291867519478875 0.6791702497516934 0.3019393285526698 0.5915774830300847 0.37938397838596405 0.6116135824847407 0.3693121693121693 0.6992063492063493
0 0.29696969696969694 0.9257575757575757 0.3397306397306397 0.9257575757575757 0.3397306397306397 0.997979797979798 0.29696969696969694 0.997979797979798
0 0.4857222392655463 0.29633909397688923 0.49945802229266795 0.29633909397688923 0.49945802229266795 0.30788765040733546 0.4857222392655463 0.30788765040733546
0 0.8267469329593412 0.5254229846469642 0.8519841499135096 0.5573085065405471 0.8179295448979146 0.6179550840171453 0.7926923279437461 0.5860695621235626
0 0.13903892304480808 0.4249532325694516 0.16974095617823756 0.4444241496848841 0.1508600668541818 0.5114104037941847 0.12015803372075233 0.49193948667875226
0 0.725232117099873 0.9149570380756118 0.7430685363488176 0.9036453624180748 0.7541329622652063 0.9429001047815309 0.7362965430162617 0.954211780439068
