0 0.5882361117886941 0.594758698338795 0.6374957383984768 0.635124683337345 0.601638200672029 0.7335798571460012 0.5523785740622461 0.6932138721474517
0 0.4930899680586136 0.6418177220419932 0.517884000934501 0.667261487818436 0.4930211430524974 0.7217743957167914 0.46822711017660973 0.6963306299403483
0 0.4178121552501305 0.41477938962017513 0.44775611349137656 0.3957892358903089 0.46378155967691764 0.4526448528040672 0.43383760143567174 0.4716350065339335
0 0.12485544698064734 0.24334785729075664 0.18693966698928188 0.19247271133466665 0.21157916950358407 0.26012617156696677 0.1494949494949495 0.31100131752305665
0 0.7053130145059563 0.19527415642381868 0.7041006366794117 0.13302001097123353 0.7658676604930879 0.13031350554155247 0.7670800383196326 0.1925676509941375
0 0.08914923103682384 0.43188994933427594 0.12731348224455333 0.43188994933427594 0.12731348224455324 0.5065276304936965 0.08914923103682382 0.5065276304936964
0 0.23472222222222222 0.8548611111111112 0.26712962962962966 0.8548611111111112 0.26712962962962966 0.9229166666666667 0.23472222222222222 0.9229166666666667
0 0.5314660263804786 0.8224509342111327 0.5828694703182734 0.7575061488942482 0.6332216257559764 0.8471764268043276 0.5818181818181818 0.9121212121212121
0 0.29821399631819573 0.19558345082412526 0.36445923722783524 0.1754405881185149 0.3811069913361251 0.2986295121388376 0.31486175042648556 0.318772374844448
0 0.8865030331264748 0.44848935098505943 0.9504228900075844 0.4188302577802798 0.9728367414306908 0.5275170902387729 0.908916884549581 0.5571761834435522
0 0.7858747576071508 0.5672727851013398 0.8203196586088012 0.5319252481489678 0.8521477438299848 0.6017097229055584 0.8177028428283344 0.6370572598579304
