0 0.8126981682227369 0.3103793885403163 0.9451851851851854 0.5150000000000001 0.8169314614068929 0.7018428336819059 0.6844444444444444 0.49722222222222223
0 0.43701386553055155 0.32509157993659765 0.49791119271793355 0.41914493407675735 0.4474305789138929 0.49268619784118045 0.3865332517265111 0.39863284370102064
0 0.6364104000695818 0.65747238071681 0.6057083669361525 0.6769432978322426 0.5909970073378257 0.6247498415054124 0.621699040471255 0.6052789243899799
0 0.20814814814814817 0.175 0.24888888888888888 0.175 0.24888888888888888 0.215 0.20814814814814817 0.215
0 0.31616968743871643 0.7665331037305596 0.27087966128757657 0.7455183334790865 0.291237719968691 0.646800229602774 0.3365277461198309 0.667814999854247
0 0.30127764963334414 0.4420045378165712 0.34285011023620193 0.4846664135841962 0.3165001281444337 0.5424399066278734 0.2749276675415758 0.49977803086024847
0 0.2411463485173596 0.3043723522677095 0.27184838165078906 0.32384326938314206 0.24848328111227005 0.40673875884340177 0.21778124797884058 0.3872678417279693
0 0.24814814814814812 0.882716049382716 0.2600823045267489 0.882716049382716 0.2600823045267489 0.8993827160493826 0.24814814814814812 0.8993827160493826
0 0.5874339110835609 0.7336655734655566 0.5995334984643168 0.7373446351469465 0.5952821382991551 0.7688035623369124 0.5831825509183991 0.7651245006555224
0 0.3903825051964696 0.8575851051803003 0.4019391479867955 0.8670552392761859 0.3956257252562052 0.8843902034616749 0.3840690824658793 0.8749200693657893
