0 0.4098301698799693 0.6020628795564377 0.4397212415117783 0.5975642132507473 0.44411719854108317 0.6632836241672591 0.41422612690927374 0.6677822904729496
0 0.16865552964330127 0.33169028996992883 0.15952067808551101 0.22622931290492834 0.22021700029406155 0.21440013404611055 0.2293518518518519 0.3198611111111111
0 0.28968859376196016 0.25276443980218305 0.2881944444444444 0.17604166666666668 0.351283628460262 0.17327722686448366 0.3527777777777778 0.25
0 0.5224408046463022 0.5507142698534857 0.5798760044306434 0.559358382758272 0.5715971357331016 0.6831271935611485 0.5141619359487603 0.6744830806563621
0 0.15607900261830202 0.3237752809432948 0.13692913744569468 0.3728902770869999 0.11036335841124949 0.34958487069422667 0.12951322358385686 0.3004698745505216
0 0.7001363714236862 0.9797228898425513 0.6286102818796853 0.9290043517488301 0.6686771916823473 0.801869060718712 0.7402032812263483 0.8525875988124334
0 0.8212121212121212 0.7717171717171717 0.7748820984968748 0.7456853298911423 0.7873915813625764 0.6955920473760734 0.833721604077823 0.7216238892021029
0 0.6489025670491975 0.48073275784420755 0.6532849391390484 0.5734292616498369 0.6126462544996241 0.5777520906406408 0.6082638824097731 0.48505558683501143
0 0.23777777777777778 0.5109523809523809 0.2774603174603174 0.5109523809523809 0.2774603174603174 0.5823809523809523 0.23777777777777778 0.5823809523809523
0 0.21601553869045645 0.36301086416123296 0.25076171589064145 0.3577814947178276 0.2550719840379331 0.4222198597072617 0.22032580683774802 0.42744922915066697
0 0.24570414015322836 0.767441920828793 0.26892769713146725 0.8033097253737692 0.23620619123078723 0.8509791318027858 0.21298263425254846 0.8151113272578097
0 0.11847148535374205 0.6891784280715939 0.17263443730131914 0.7143102747064686 0.16101569413343744 0.7706506317574658 0.10685274218586036 0.7455187851225912
0 0.29696969696969694 0.9257575757575757 0.3397306397306397 0.9257575757575757 0.3397306397306397 0.997979797979798 0.29696969696969694 0.997979797979798
0 0.48624875967493253 0.299799555517375 0.4997107415402935 0.2957062372844584 0.501240304192084 0.30702459146425226 0.4877783223267231 0.3111179096971689
