0 0.40787852400939817 0.6047830473306837 0.4373208533025713 0.595830663905968 0.44606884441165434 0.6605634563930132 0.4166265151184808 0.669515839817729
0 0.1990211150722743 0.33749546859101104 0.1572974048189582 0.2515139758510907 0.20678263179630543 0.1974838443139171 0.24850634204962171 0.28346533705383753
0 0.28503860320969004 0.24279443047347024 0.29373587873167145 0.16715574229652663 0.35593361901253207 0.1832472361931964 0.34723634349055077 0.25888592437014
0 0.5224408046463022 0.5507142698534857 0.5798760044306434 0.559358382758272 0.5715971357331016 0.6831271935611485 0.5141619359487603 0.6744830806563621
0 0.15301547261164528 0.3026435784047586 0.14812813234792732 0.3590674486997539 0.11760906102113146 0.35311955037258236 0.12249640128484948 0.296695680077587
0 0.677658609759402 0.9898706576487631 0.6310990691505775 0.8939238020473129 0.7068956940873723 0.8111657373569447 0.7534552346961968 0.9071125929583952
0 0.7969758911200987 0.798470235457924 0.8407858610754371 0.7639918183278187 0.8573543071810943 0.8113603511566884 0.8135443372257559 0.845838768286794
0 0.6489025670491975 0.48073275784420755 0.6532849391390484 0.5734292616498369 0.6126462544996241 0.5777520906406408 0.6082638824097731 0.48505558683501143
0 0.1886291756294014 0.38248744742631446 0.20128293848414228 0.3336663524470787 0.24152335616399706 0.3571333308322347 0.22886959330925613 0.40595442581147045
0 0.2370221480112273 0.7762707551490049 0.2696910339392687 0.786204221688758 0.26062892411352906 0.8532614085936849 0.2279600381854877 0.8433279420539319
0 0.29696969696969694 0.9257575757575757 0.3397306397306397 0.9257575757575757 0.3397306397306397 0.997979797979798 0.29696969696969694 0.997979797979798
0 0.48624875967493253 0.299799555517375 0.4997107415402935 0.2957062372844584 0.501240304192084 0.30702459146425226 0.4877783223267231 0.3111179096971689
