0 0.2606428078182987 0.5075225648076717 0.25976562052282787 0.462480050596542 0.3037797668295939 0.4605514401729382 0.3046569541250648 0.5055939543840685
0 0.2160582526621329 0.19738737010887134 0.18011279220816148 0.2932420389795865 0.13524109125103298 0.2553815838204038 0.1711865517050044 0.15952691494968876
0 0.2920584041638266 0.23962062190786756 0.2956780504205099 0.1630573940193256 0.35863604028061774 0.16975437809213242 0.3550163940239346 0.2463176059806744
0 0.5157721048143751 0.5524529391570785 0.5796943993371372 0.5620733728469148 0.5709398383824111 0.6929537670231697 0.507017543859649 0.6833333333333333
0 0.8264953911345574 0.8273289609837602 0.8739986145027541 0.806593362817443 0.8839630116324356 0.8579551418345815 0.8364597882642391 0.8786907400008989
0 0.7310479997624362 0.3727297069531168 0.689770293393585 0.4420275650543877 0.6593897106752743 0.4013106970872872 0.7006674170441254 0.3320128389860162
0 0.3305262985471034 0.7524888729883802 0.30586652364680755 0.6716649862240759 0.3773265065072781 0.6226086847382503 0.40198628140757403 0.7034325715025546
0 0.29696969696969694 0.9257575757575757 0.3397306397306397 0.9257575757575757 0.3397306397306397 0.997979797979798 0.29696969696969694 0.997979797979798
0 0.4857222392655463 0.29633909397688923 0.49945802229266795 0.29633909397688923 0.49945802229266795 0.30788765040733546 0.4857222392655463 0.30788765040733546
0 0.8159876797848536 0.5135846040507087 0.8455256009226605 0.5091390876035371 0.8495917950320689 0.5699285538701756 0.8200538738942621 0.5743740703173472
0 0.13619134635282792 0.4260543043198081 0.1680358959903481 0.44083031465287514 0.15370764354616195 0.5103093320438282 0.12186309390864178 0.4955333217107612
0 0.49210925872912525 0.35026249770057216 0.5149349838381627 0.33155787201123654 0.5353257251090378 0.3875453743106645 0.5125 0.40625
