0 0.6755555555555556 0.5183333333333334 0.787349422507813 0.3070163931659098 0.9340740740740742 0.48166666666666674 0.8222802071218166 0.6929836068340901
0 0.37406429623282106 0.26316347655695305 0.4168126233336549 0.2695971856297486 0.4096394074708828 0.3768365234430471 0.366891080370049 0.3704028143702514
0 0.1688888888888889 0.18388888888888888 0.19407407407407407 0.18388888888888888 0.19407407407407407 0.23722222222222222 0.1688888888888889 0.23722222222222222
0 0.3998031632978863 0.7334419091964948 0.3377777777777778 0.7727777777777778 0.31723387373915074 0.6998914241368386 0.37925925925925935 0.6605555555555556
0 0.5595798273515146 0.8780349685910362 0.6111726359214864 0.8702701472962829 0.6181979504262632 0.9752983647422969 0.5666051418562915 0.9830631860370505
0 0.5772540753986972 0.24705948165033156 0.5416812884992744 0.2578759229936182 0.5375607394161176 0.22738496279411288 0.5731335263155404 0.21656852145082625
0 0.5272545465511622 0.687507635212254 0.5802507392788737 0.7036219253767423 0.572745453448838 0.7591590314544127 0.5197492607211265 0.7430447412899244
0 0.6572728151899392 0.5462767042668405 0.6873161821735735 0.5216575549871653 0.6976821397650158 0.5501196921295558 0.6676387727813815 0.574738841409231
0 0.33353515553153085 0.6303907414522144 0.34576070316453833 0.6458368965263346 0.33897946435150994 0.6579133521150369 0.3267539167185025 0.6424671970409167
0 0.4722241326168364 0.7189164115378655 0.47911447376647526 0.7221135599725055 0.4761189473051909 0.7366391440176902 0.46922860615555184 0.73344199558305
0 0.6563039815269398 0.5821884609852623 0.6662787979254583 0.5719522524032471 0.6707915350422607 0.5818466267340356 0.6608167186437424 0.5920828353160509
0 0.7004306456427566 0.7945719001066613 0.7067601884868002 0.7997586676295725 0.7017136038699139 0.8136152343962625 0.6953840610258701 0.8084284668733513
0 0.21325536062378164 0.7549707602339181 0.22261208576998048 0.7549707602339181 0.22261208576998048 0.7728070175438596 0.21325536062378164 0.7728070175438596
0 0.2502923976608187 0.8847953216374268 0.25808966861598437 0.8847953216374268 0.25808966861598437 0.9026315789473683 0.2502923976608187 0.9026315789473683
