0 0.5678161884895977 0.6042547597019104 0.633913092619411 0.584157001027159 0.6502635616421301 0.7051460949934961 0.5841666575123167 0.725243853668248
0 0.4098301698799693 0.6020628795564377 0.4397212415117783 0.5975642132507473 0.44411719854108317 0.6632836241672591 0.41422612690927374 0.6677822904729496
0 0.3309723742927025 0.3014513557039059 0.35809972747459734 0.2842474642524756 0.3744744744744745 0.34234234234234234 0.34734712129257966 0.3595462337937726
0 0.12485544698064734 0.24334785729075664 0.18693966698928188 0.19247271133466665 0.21157916950358407 0.26012617156696677 0.1494949494949495 0.31100131752305665
0 0.7008685700615119 0.19245364360330586 0.6996561922349672 0.1301994981507207 0.7614232160486435 0.12749299272103964 0.7626355938751881 0.18974713817362468
0 0.5458220758442693 0.7522911238951308 0.6130299846029357 0.7522911238951308 0.6130299846029352 0.8695313590715487 0.5458220758442689 0.8695313590715485
0 0.2941798941798942 0.19603174603174603 0.34379135324792626 0.15537745061127234 0.37690309543118133 0.2462934068777077 0.32729163636314934 0.28694770229818145
0 0.8469201886625374 0.3848705211422924 0.8649527495921734 0.3317260487951516 0.9137247810075129 0.3689611614223395 0.8956922200778765 0.4221056337694802
0 0.4475677628515114 0.44845376837789763 0.45375375375375376 0.5022522522522523 0.4055902575729701 0.5147128754410633 0.3994042666707278 0.4609143915667086
0 0.471764705882353 0.3096078431372549 0.4811764705882353 0.3096078431372549 0.4811764705882353 0.3319607843137255 0.471764705882353 0.3319607843137255
0 0.5224408046463022 0.540297603186819 0.5798760044306434 0.5489417160916054 0.5715971357331016 0.6727105268944817 0.5141619359487603 0.6640664139896953
