0 0.4098301698799693 0.6020628795564377 0.4397212415117783 0.5975642132507473 0.44411719854108317 0.6632836241672591 0.41422612690927374 0.6677822904729496
0 0.21285425628042084 0.33331124923123095 0.15605456107802262 0.2696652910424033 0.1926849403236086 0.1961125081181418 0.24948463552600697 0.2597584663069693
0 0.28968859376196016 0.25276443980218305 0.2881944444444444 0.17604166666666668 0.351283628460262 0.17327722686448366 0.3527777777777778 0.25
0 0.5224408046463022 0.5507142698534857 0.5798760044306434 0.559358382758272 0.5715971357331016 0.6831271935611485 0.5141619359487603 0.6744830806563621
0 0.15607900261830202 0.3237752809432948 0.13692913744569468 0.3728902770869999 0.11036335841124949 0.34958487069422667 0.12951322358385686 0.3004698745505216
0 0.7001363714236862 0.9797228898425513 0.6286102818796853 0.9290043517488301 0.6686771916823473 0.801869060718712 0.7402032812263483 0.8525875988124334
0 0.8059946121833969 0.7280627163216441 0.7586592406705772 0.7239108938846982 0.760578870286488 0.6746676132684554 0.8079142417993078 0.678819435705401
0 0.6489025670491975 0.48073275784420755 0.6532849391390484 0.5734292616498369 0.6126462544996241 0.5777520906406408 0.6082638824097731 0.48505558683501143
0 0.23777777777777778 0.5109523809523809 0.2774603174603174 0.5109523809523809 0.2774603174603174 0.5823809523809523 0.23777777777777778 0.5823809523809523
0 0.21601553869045645 0.36301086416123296 0.25076171589064145 0.3577814947178276 0.2550719840379331 0.4222198597072617 0.22032580683774802 0.42744922915066697
0 0.21169590643274855 0.7666666666666667 0.24502923976608185 0.7666666666666667 0.24502923976608185 0.8350877192982455 0.21169590643274855 0.8350877192982455
