0 0.5940056760576536 0.5781508546954067 0.6561231705164647 0.6175451378286928 0.6240740740740741 0.73125 0.5619565796152629 0.6918557168667141
0 0.4098301698799693 0.6020628795564377 0.4397212415117783 0.5975642132507473 0.44411719854108317 0.6632836241672591 0.41422612690927374 0.6677822904729496
0 0.4178121552501305 0.41477938962017513 0.44775611349137656 0.3957892358903089 0.46378155967691764 0.4526448528040672 0.43383760143567174 0.4716350065339335
0 0.12485544698064734 0.24334785729075664 0.18693966698928188 0.19247271133466665 0.21157916950358407 0.26012617156696677 0.1494949494949495 0.31100131752305665
0 0.7008685700615119 0.19245364360330586 0.6996561922349672 0.1301994981507207 0.7614232160486435 0.12749299272103964 0.7626355938751881 0.18974713817362468
0 0.23472222222222222 0.8548611111111112 0.26712962962962966 0.8548611111111112 0.26712962962962966 0.9229166666666667 0.23472222222222222 0.9229166666666667
0 0.5314660263804786 0.8224509342111327 0.5828694703182734 0.7575061488942482 0.6332216257559764 0.8471764268043276 0.5818181818181818 0.9121212121212121
0 0.29470522438837116 0.17979397713991474 0.36095046529801067 0.15965111443430438 0.37759821940630056 0.2828400384546271 0.31135297849666105 0.30298290116023746
0 0.922012692608816 0.22836936902291105 0.9760233918128656 0.22836936902291105 0.9760233918128656 0.3429824561403509 0.922012692608816 0.3429824561403509
0 0.8837386515872614 0.3402877464716763 0.9232947068269479 0.3343344807244744 0.9287581699346404 0.4160130718954248 0.8892021146949541 0.4219663376426266
0 0.37235772357723573 0.6158536585365854 0.3907859078590786 0.6158536585365854 0.3907859078590786 0.6573170731707316 0.37235772357723573 0.6573170731707316
0 0.7596296330207649 0.3037727127739364 0.7728873291465641 0.2953648167468178 0.7800168316256998 0.3206591054078819 0.7667591354999007 0.3290670014350005
