0 0.3395657668077521 0.47144971399735036 0.3690080961009252 0.4624973305726346 0.37775608721000825 0.5272301230596798 0.3483137579168347 0.5361825064843956
0 0.18974706440706074 0.2979611645143589 0.15273222475781148 0.20302662109870703 0.19717319453878493 0.16403981555870717 0.2341880341880342 0.25897435897435894
0 0.2920584041638266 0.23962062190786756 0.2956780504205099 0.1630573940193256 0.35863604028061774 0.16975437809213242 0.3550163940239346 0.2463176059806744
0 0.5157721048143751 0.5524529391570785 0.5796943993371372 0.5620733728469148 0.5709398383824111 0.6929537670231697 0.507017543859649 0.6833333333333333
0 0.7066148387156309 0.9696686374467429 0.6600552981068063 0.8737217818452927 0.7358519230436013 0.7909637171549246 0.7824114636524256 0.886910572756375
0 0.8307956290791677 0.8152757650500948 0.880262383884128 0.8165235350782398 0.8796627736878253 0.8700083377682469 0.8301960188828651 0.8687605677401021
0 0.6489025670491975 0.48073275784420755 0.6532849391390484 0.5734292616498369 0.6126462544996241 0.5777520906406408 0.6082638824097731 0.48505558683501143
0 0.31050617794480995 0.5981120904332212 0.3590084359963567 0.5833642487554013 0.3717460317460317 0.6776190476190476 0.32324377369448487 0.6923668892968673
0 0.29696969696969694 0.9257575757575757 0.3397306397306397 0.9257575757575757 0.3397306397306397 0.997979797979798 0.29696969696969694 0.997979797979798
0 0.48624875967493253 0.299799555517375 0.4997107415402935 0.2957062372844584 0.501240304192084 0.30702459146425226 0.4877783223267231 0.3111179096971689
0 0.5213743401600545 0.31265118175932727 0.5210779774871249 0.3278690491133245 0.5056999220557171 0.3271952139832949 0.5059962847286468 0.3119773466292976
0 0.8547952437877261 0.5534127999641848 0.8538317578666734 0.6028866449632089 0.8009923451806408 0.6005713293059853 0.8019558311016934 0.5510974843069614
0 0.4523809523809524 0.9071428571428571 0.47165560106039395 0.9229375399895221 0.4547421382383219 0.9693773690306866 0.43546748955888026 0.9535826861840218
0 0.13903892304480808 0.4249532325694516 0.16974095617823756 0.4444241496848841 0.1508600668541818 0.5114104037941847 0.12015803372075233 0.49193948667875226
