0 0.4098301698799693 0.6020628795564377 0.4397212415117783 0.5975642132507473 0.44411719854108317 0.6632836241672591 0.41422612690927374 0.6677822904729496
0 0.16865552964330127 0.33169028996992883 0.15952067808551101 0.22622931290492834 0.22021700029406155 0.21440013404611055 0.2293518518518519 0.3198611111111111
0 0.28968859376196016 0.25276443980218305 0.2881944444444444 0.17604166666666668 0.351283628460262 0.17327722686448366 0.3527777777777778 0.25
0 0.5224408046463022 0.5507142698534857 0.5798760044306434 0.559358382758272 0.5715971357331016 0.6831271935611485 0.5141619359487603 0.6744830806563621
0 0.15607900261830202 0.3237752809432948 0.13692913744569468 0.3728902770869999 0.11036335841124949 0.34958487069422667 0.12951322358385686 0.3004698745505216
0 0.7001363714236862 0.9797228898425513 0.6286102818796853 0.9290043517488301 0.6686771916823473 0.801869060718712 0.7402032812263483 0.8525875988124334
0 0.7514693555412163 0.6372489541100603 0.7406962894874286 0.7065132243269409 0.7086713783906566 0.6953059368835475 0.7194444444444444 0.6260416666666667
0 0.6489025670491975 0.48073275784420755 0.6532849391390484 0.5734292616498369 0.6126462544996241 0.5777520906406408 0.6082638824097731 0.48505558683501143
0 0.2334430600239025 0.5175770665888562 0.2723345908906184 0.5057515111843883 0.28179503521419275 0.575756266744477 0.24290350434747685 0.5875818221489448
0 0.23587561202179363 0.38784152414003226 0.26923656878491 0.3723618942672954 0.28199553643759007 0.4342313049916203 0.2486345796744736 0.4497109348643571
