0 0.4098301698799693 0.6020628795564377 0.4397212415117783 0.5975642132507473 0.44411719854108317 0.6632836241672591 0.41422612690927374 0.6677822904729496
0 0.1649518259395976 0.34835695663659544 0.1558169743818073 0.242895979571595 0.21651329659035784 0.23106680071277724 0.22564814814814815 0.3365277777777778
0 0.5591354070129004 0.700834549074729 0.6260075561673989 0.6907701563391304 0.6338105516648248 0.8074246786778415 0.5669384025103263 0.8174890714134403
0 0.5224408046463022 0.540297603186819 0.5798760044306434 0.5489417160916054 0.5715971357331016 0.6727105268944817 0.5141619359487603 0.6640664139896953
0 0.15607900261830202 0.3237752809432948 0.13692913744569468 0.3728902770869999 0.11036335841124949 0.34958487069422667 0.12951322358385686 0.3004698745505216
0 0.6707594253755881 0.9913072593117548 0.6436020191455217 0.9022972365185301 0.7243351385434755 0.8468750535492139 0.751492544773542 0.9358850763424384
0 0.8730711653473037 0.28829538323721066 0.9016871763618016 0.35514557814139397 0.8674050251288873 0.3881640523888915 0.8387890141143894 0.32131385748470825
0 0.6064952123261556 0.4997424671748889 0.6455163816290939 0.48787749325240604 0.6555418247108816 0.5620630883806667 0.6165206554079433 0.5739280623031495
0 0.7971193415637859 0.9388888888888889 0.8156378600823044 0.9388888888888889 0.8156378600823044 0.982716049382716 0.7971193415637859 0.982716049382716
0 0.7444444444444445 0.8318181818181818 0.7710603937163878 0.8441680987095562 0.757425831199548 0.9102833496737401 0.7308098819276045 0.8979334327823656
0 0.7723905723905723 0.37979797979797975 0.8343434343434344 0.37979797979797975 0.8343434343434344 0.4409090909090909 0.7723905723905723 0.4409090909090909
