0 0.4098301698799693 0.6020628795564377 0.4397212415117783 0.5975642132507473 0.44411719854108317 0.6632836241672591 0.41422612690927374 0.6677822904729496
0 0.16819256668033833 0.3518291788588177 0.15905771512254807 0.24636820179381722 0.21975403733109858 0.23453902293499945 0.2288888888888889 0.34
0 0.5850594935465753 0.6842829307650907 0.6509277186875477 0.7043111561509209 0.6353996926443776 0.819214392225575 0.5695314675034051 0.7991861668397451
0 0.5224408046463022 0.540297603186819 0.5798760044306434 0.5489417160916054 0.5715971357331016 0.6727105268944817 0.5141619359487603 0.6640664139896953
0 0.13068079748894382 0.2886144011124302 0.13849206349206347 0.35654761904761906 0.11058904378089744 0.3637665512685222 0.10277777777777777 0.29583333333333334
0 0.565415655186335 0.9654591172232193 0.5765075735673675 0.8689946377909411 0.6640019712910854 0.89163075866296 0.6529100529100529 0.988095238095238
0 0.5974872405191807 0.5470625745987501 0.5931078647035192 0.49650310469027303 0.6554089839726983 0.4843611650121579 0.6597883597883598 0.5349206349206349
0 0.37379553393245074 0.23052474400807882 0.3793209558726344 0.22008038521304565 0.39001398987707303 0.23280858932525442 0.38448856793688935 0.24325294812028764
0 0.42923094207624785 0.2972418254470458 0.4359081357747632 0.28880564144750454 0.4452135023681965 0.3053772221720018 0.4385363086696812 0.3138134061715431
0 0.7520428404555315 0.824696520485201 0.8485349445891671 0.7635022095509842 0.8775867891740983 0.8665733207846406 0.7810946850404625 0.9277676317188572
0 0.8633333333333333 0.34777777777777785 0.9162962962962964 0.34777777777777785 0.9162962962962964 0.4088888888888889 0.8633333333333333 0.4088888888888889
