0 0.30914378625892047 0.4901395750362221 0.2731258495421474 0.48789115598937777 0.27509317439433806 0.416982350183925 0.3111111111111111 0.4192307692307692
0 0.2518082938252351 0.22250594592851713 0.17940720959972556 0.23985459392501793 0.17128592188280248 0.16359634133409134 0.24368700610831204 0.14624769333759063
0 0.2920584041638266 0.23962062190786756 0.2956780504205099 0.1630573940193256 0.35863604028061774 0.16975437809213242 0.3550163940239346 0.2463176059806744
0 0.5205854684830142 0.5486732111161691 0.5835481239440375 0.5678179543025056 0.566126474713772 0.6967334950640791 0.5031638192527487 0.6775887518777427
0 0.8328000189596633 0.822404746333075 0.8821026921301183 0.8162386299944732 0.8850657912147372 0.8695460231519334 0.8357631180442823 0.8757121394905354
0 0.3686801744609784 0.7579722888225814 0.31284653886325337 0.7281965042257824 0.3391726305934032 0.6171252689040493 0.3950062661911281 0.646901053500848
0 0.29696969696969694 0.9257575757575757 0.3397306397306397 0.9257575757575757 0.3397306397306397 0.997979797979798 0.29696969696969694 0.997979797979798
0 0.4857222392655463 0.29633909397688923 0.49945802229266795 0.29633909397688923 0.49945802229266795 0.30788765040733546 0.4857222392655463 0.30788765040733546
0 0.8179466230936819 0.5112092363522568 0.8476328517232407 0.5112092363522568 0.8476328517232407 0.5723039215686275 0.8179466230936819 0.5723039215686275
0 0.13903892304480808 0.4249532325694516 0.16974095617823756 0.4444241496848841 0.1508600668541818 0.5114104037941847 0.12015803372075233 0.49193948667875226
